-184 -155
-184 -154
-184 -153
-184 -151
-184 -149
-184 -148
-184 -146
-184 -143
-184 -141
-184 -138
-184 -135
-184 -132
-184 -131
-184 -130
-184 -129
-184 -128
-184 -126
-184 -125
-184 -122
-184 -119
-184 -117
-184 -114
-184 -112
-184 -111
-184 -110
-184 -109
-184 -108
-184 -106
-184 -103
-184 -101
-184 -99
-184 -97
-184 -96
-184 -95
-184 -94
-184 -93
-184 -91
-184 -88
-184 -87
-184 -85
-184 -83
-184 -82
-184 -80
-184 -77
-184 -75
-184 -73
-184 -70
-184 -68
-184 -63
-184 -62
-184 -61
-184 -60
-184 -59
-184 -58
-184 -57
-184 -56
-184 -55
-184 -54
-184 -52
-184 -50
-184 -49
-184 -46
-184 -43
-184 -41
-184 -38
-184 -35
-184 -33
-184 -31
-184 -28
-184 -23
-184 -16
-184 -9
-184 -2
-184 3
-184 9
-184 14
-184 19
-184 22
-184 23
-184 25
-184 26
-184 27
-184 26
-184 29
-184 32
-184 37
-184 45
-184 47
-184 48
-184 49
-184 50
-184 51
-184 56
-184 57
-184 60
-184 63
-184 66
-184 69
-184 77
-184 79
-184 84
-184 85
-184 87
-184 89
-184 93
-184 96
-184 101
-184 104
-184 107
-184 117
-184 120
-184 125
-184 130
-184 136
-184 141
-184 146
-184 149
-184 154
-184 157
-184 159
-184 160
-184 161
-184 162
-184 163
-184 164
-184 165
-184 166
-184 167
-184 168
-183 168
-182 168
-181 168
-179 168
-178 168
-177 168
-176 168
-175 168
-174 168
-173 168
-172 168
-171 168
-169 168
-167 168
-164 168
-162 168
-159 168
-157 168
-155 168
-152 168
-149 168
-143 168
-138 168
-133 168
-131 168
-129 168
-128 168
-125 168
-122 168
-120 168
-117 168
-116 168
-114 168
-112 168
-110 168
-109 168
-107 168
-103 168
-100 168
-97 168
-94 168
-92 168
-89 168
-86 168
-82 168
-79 168
-78 168
-76 168
-71 168
-69 168
-67 168
-65 168
-62 168
-58 168
-56 168
-53 168
-50 168
-47 168
-43 168
-42 168
-41 168
-38 168
-36 168
-34 168
-31 168
-30 168
-28 168
-24 168
-23 168
-21 168
-17 168
-14 168
-11 168
-9 168
-8 168
-6 168
-3 168
-1 168
1 168
4 168
7 168
12 168
16 168
22 168
27 168
32 168
35 168
37 168
40 168
45 168
49 168
52 168
55 168
58 168
59 168
60 168
61 168
62 168
63 168
64 168
65 168
66 168
67 168
68 168
69 168
70 168
71 168
71 169
71 168
71 163
71 157
71 155
71 152
71 148
71 146
71 141
71 138
71 129
71 121
71 116
71 108
71 100
71 79
71 69
71 53
71 45
71 37
71 33
71 30
71 25
71 22
71 18
71 17
71 16
71 15
71 14
71 13
71 12
71 11
71 10
71 8
71 5
71 1
71 -4
71 -6
71 -7
71 -8
71 -10
71 -12
71 -14
71 -16
71 -20
71 -22
71 -23
71 -26
71 -27
71 -31
71 -34
71 -40
71 -48
71 -52
71 -57
71 -60
71 -62
71 -68
71 -71
71 -74
71 -75
71 -77
71 -78
71 -79
71 -81
71 -83
71 -84
71 -85
71 -86
71 -88
71 -89
71 -91
71 -93
71 -94
71 -97
71 -99
71 -103
71 -108
71 -109
71 -111
71 -114
71 -118
71 -120
71 -122
71 -127
71 -130
71 -133
71 -135
71 -136
71 -137
71 -138
71 -139
71 -142
71 -144
71 -145
71 -146
71 -147
71 -148
71 -149
71 -147
71 -143
71 -141
71 -132
71 -116
71 -108
71 -101
71 -95
71 -90
71 -84
71 -79
71 -73
71 -68
71 -66
71 -63
71 -59
71 -58
71 -54
71 -47
71 -43
71 -41
71 -39
71 -36
71 -33
71 -27
71 -22
71 -19
71 -15
71 -10
71 -9
71 -8
71 -6
71 -5
71 -2
71 -1
71 1
71 4
71 6
71 11
71 16
71 18
71 20
71 21
71 25
71 30
71 32
71 38
71 40
71 41
71 43
71 46
71 47
71 48
71 49
71 53
71 54
71 56
71 57
71 59
71 63
71 65
71 67
71 68
71 69
71 70
71 72
71 73
71 74
71 76
71 78
71 80
71 82
71 83
71 84
71 85
71 86
71 87
71 90
71 92
71 93
71 94
71 95
71 96
71 98
71 99
71 100
71 103
71 104
71 106
71 107
71 108
71 109
71 111
71 112
71 111
71 109
71 106
71 103
71 100
71 99
71 98
71 96
71 95
71 93
71 89
71 88
71 85
71 81
71 79
71 68
71 60
71 55
71 49
71 46
71 45
71 44
71 43
71 41
71 40
71 39
71 38
71 37
71 36
71 35
71 33
71 32
71 31
71 30
71 28
71 27
71 25
71 24
76 31
75 31
69 31
67 31
65 31
63 31
62 31
60 31
59 31
58 31
53 31
51 31
45 31
42 31
41 31
40 31
39 31
34 31
26 31
19 31
13 31
12 31
11 31
8 31
5 31
4 31
2 31
0 31
-2 31
-7 31
-10 31
-11 31
-12 31
-13 31
-16 31
-21 31
-28 31
-30 31
-32 31
-35 31
-39 31
-41 31
-43 31
-45 31
-49 31
-54 31
-60 31
-62 31
-64 31
-71 31
-81 31
-88 31
-92 31
-96 31
-97 31
-101 31
-105 31
-107 31
-109 31
-111 31
-113 31
-114 31
-116 31
-118 31
-121 31
-125 31
-127 31
-128 31
-129 31
-130 31
-131 31
-131 32
-132 32
-133 32
-139 32
-140 32
-142 32
-143 32
-145 32
-147 32
-148 32
-150 32
-152 32
-153 32
-155 32
-156 32
-158 32
-159 32
-162 32
-164 32
-166 32
-168 32
-174 32
-178 32
-180 32
-181 32
-182 32
-183 32
-184 32
-185 32
