-200 0 0
-190 0 0
-180 0 0
-170 0 0
-160 0 0
-150 0 0
-140 0 0
-130 0 0
-120 0 0
-110 0 0
-100 0 0
-90 0 0
-80 0 0
-70 0 0
-60 0 0
-50 0 0
-40 0 0
-30 0 0
-20 0 0
-10 0 0
0 0 0
10 0 0
20 0 0
30 0 0
40 0 0
50 0 0
60 0 0
70 0 0
80 0 0
90 0 0
100 0 0
110 0 0
120 0 0
130 0 0
140 0 0
150 0 0
0 150 0
10 140 0
20 130 0
30 120 0
40 110 0
50 100 0
60 90 0
70 80 0
80 70 0
90 60 0
100 50 0
110 40 0
120 30 0
130 20 0
140 10 0
150 0 0
0 -150 0
10 -140 0
20 -130 0
30 -120 0
40 -110 0
50 -100 0
60 -90 0
70 -80 0
80 -70 0
90 -60 0
100 -50 0
110 -40 0
120 -30 0
130 -20 0
140 -10 0
150 0 0
