79 186
79 185
78 185
75 184
72 183
69 183
66 182
64 182
61 182
59 182
57 182
57 183
54 184
52 185
50 186
46 187
43 188
40 188
37 188
35 188
32 188
31 188
29 188
27 188
25 188
23 189
20 190
17 190
14 190
12 190
11 190
10 190
9 189
8 189
7 189
5 189
3 189
1 189
-2 189
-3 188
-5 188
-6 187
-7 187
-10 187
-11 187
-12 187
-14 187
-15 186
-19 186
-21 185
-22 185
-24 185
-26 183
-28 183
-31 181
-34 181
-37 181
-39 180
-43 179
-46 178
-51 177
-56 177
-58 177
-60 177
-61 177
-62 176
-66 176
-69 175
-73 175
-76 175
-77 175
-78 175
-79 175
-81 175
-82 175
-84 175
-86 175
-87 175
-88 175
-89 175
-90 175
-91 175
-93 175
-94 175
-95 175
-96 175
-97 175
-98 175
-99 175
-99 174
-102 173
-104 172
-106 172
-106 171
-109 170
-110 170
-116 168
-118 167
-121 166
-122 166
-124 165
-124 164
-126 163
-129 162
-132 161
-133 160
-135 159
-135 158
-138 157
-139 157
-140 156
-141 155
-142 154
-143 153
-144 152
-145 151
-147 150
-147 149
-149 149
-150 147
-151 146
-153 145
-154 144
-155 143
-156 143
-157 140
-158 140
-159 138
-159 137
-160 137
-161 135
-162 135
-162 133
-163 132
-164 132
-165 129
-165 128
-166 127
-167 124
-169 121
-169 119
-170 117
-172 113
-173 111
-173 108
-174 105
-176 100
-177 99
-177 96
-177 93
-177 91
-178 86
-179 83
-181 77
-182 72
-182 66
-182 64
-184 57
-186 51
-188 47
-188 45
-190 40
-191 37
-191 35
-191 32
-192 29
-192 24
-192 23
-192 20
-192 19
-192 17
-192 14
-192 13
-192 11
-192 9
-192 7
-192 4
-192 2
-192 -1
-192 -3
-192 -6
-192 -9
-192 -10
-190 -13
-190 -14
-189 -16
-187 -19
-185 -21
-185 -26
-184 -26
-183 -29
-181 -31
-181 -33
-180 -37
-179 -38
-177 -42
-177 -44
-177 -47
-176 -49
-176 -51
-176 -53
-176 -54
-176 -56
-176 -57
-176 -59
-176 -61
-176 -63
-177 -65
-177 -67
-178 -68
-178 -70
-180 -71
-180 -72
-181 -75
-181 -77
-182 -79
-183 -84
-185 -91
-187 -94
-188 -96
-188 -97
-188 -98
-188 -103
-188 -107
-190 -111
-192 -114
-193 -115
-194 -117
-194 -122
-195 -126
-197 -131
-197 -134
-197 -135
-197 -136
-197 -140
-195 -141
-194 -143
-192 -146
-190 -146
-189 -148
-187 -149
-186 -151
-183 -154
-182 -156
-180 -158
-179 -159
-177 -161
-175 -163
-174 -165
-172 -166
-171 -168
-167 -172
-166 -173
-165 -174
-163 -175
-161 -177
-159 -179
-156 -180
-153 -183
-150 -184
-147 -186
-143 -188
-136 -190
-132 -191
-130 -192
-127 -193
-124 -193
-120 -193
-116 -193
-112 -193
-108 -193
-107 -193
-105 -193
-101 -193
-96 -193
-88 -193
-83 -193
-77 -193
-69 -193
-64 -194
-52 -196
-41 -198
-37 -199
-32 -199
-26 -199
-18 -199
-13 -199
-5 -199
0 -198
6 -196
12 -194
18 -192
19 -191
24 -190
28 -189
34 -187
38 -186
46 -183
51 -182
58 -181
62 -180
63 -180
65 -179
67 -179
73 -180
80 -182
86 -183
93 -184
96 -184
97 -185
102 -186
109 -189
113 -190
115 -191
121 -193
128 -193
130 -194
