-186 177
-186 176
-186 175
-186 174
-187 174
-188 173
-188 172
-188 171
-188 170
-188 169
-188 168
-188 167
-188 166
-188 165
-188 163
-188 162
-188 160
-188 158
-188 157
-188 155
-188 153
-188 152
-188 150
-188 148
-188 147
-188 146
-188 145
-188 144
-188 142
-188 141
-188 138
-188 135
-188 133
-188 130
-188 127
-188 124
-188 122
-188 119
-188 116
-188 113
-188 111
-188 108
-188 105
-188 104
-188 98
-188 95
-188 90
-188 88
-188 85
-188 82
-188 79
-188 74
-188 71
-188 69
-188 67
-188 65
-188 64
-188 63
-188 62
-188 60
-188 57
-188 54
-188 52
-188 41
-188 39
-188 36
-188 33
-188 30
-188 25
-188 22
-188 19
-188 17
-188 9
-188 4
-188 1
-188 -2
-188 -7
-188 -10
-188 -13
-188 -17
-188 -20
-188 -23
-188 -28
-188 -36
-188 -38
-188 -41
-188 -47
-188 -49
-188 -51
-188 -52
-188 -50
-190 -44
-190 -49
-190 -51
-190 -57
-190 -58
-190 -62
-190 -63
-190 -65
-190 -66
-190 -67
-190 -68
-190 -69
-190 -72
-190 -74
-190 -77
-190 -80
-190 -81
-190 -83
-190 -85
-190 -88
-190 -90
-190 -93
-190 -95
-190 -97
-190 -98
-190 -99
-190 -100
-190 -102
-190 -106
-190 -109
-190 -114
-190 -120
-190 -121
-190 -125
-190 -129
-190 -132
-190 -134
-190 -135
-190 -137
-190 -139
-190 -141
-190 -144
-190 -147
-190 -151
-190 -155
-190 -156
-190 -162
-190 -163
-190 -164
-190 -165
-190 -166
-190 -167
-190 -168
-190 -169
-190 -170
-190 -171
-190 -173
-190 -174
-190 -176
-190 -180
-190 -183
-190 -188
-190 -192
-190 -193
-190 -194
-190 -195
-190 -196
-190 -197
-190 -198
-190 -199
-190 -200
-190 -201
-190 -202
-190 -203
-191 -200
-190 -200
-189 -200
-187 -200
-185 -200
-183 -200
-180 -200
-176 -200
-174 -200
-173 -200
-171 -200
-169 -200
-166 -200
-162 -200
-159 -200
-157 -200
-155 -200
-153 -200
-149 -200
-146 -200
-142 -200
-139 -200
-136 -200
-132 -200
-131 -200
-130 -200
-127 -200
-125 -200
-122 -200
-119 -200
-114 -200
-111 -200
-110 -200
-108 -200
-107 -200
-105 -200
-103 -200
-99 -200
-96 -200
-94 -200
-92 -200
-88 -200
-84 -200
-80 -200
-78 -200
-76 -200
-73 -200
-69 -200
-66 -200
-64 -200
-61 -200
-57 -200
-54 -200
-49 -200
-46 -200
-45 -200
-43 -200
-38 -200
-35 -200
-34 -200
-33 -200
-31 -200
-26 -200
-22 -200
-19 -200
-17 -200
-15 -200
-12 -200
-10 -200
-9 -200
-6 -200
-5 -200
-3 -200
-2 -200
0 -200
2 -200
5 -200
9 -200
10 -200
12 -200
14 -200
17 -200
20 -200
22 -200
25 -200
28 -200
32 -200
35 -200
39 -200
43 -200
46 -200
48 -200
50 -200
52 -200
57 -200
59 -200
61 -200
64 -200
67 -200
72 -200
74 -200
77 -200
79 -200
82 -200
87 -200
88 -200
89 -200
91 -200
92 -200
93 -200
94 -200
95 -200
96 -200
97 -200
-186 177
-186 178
-186 179
-185 179
-184 179
-182 179
-180 179
-178 179
-176 179
-173 179
-169 179
-165 179
-161 179
-158 179
-155 179
-150 179
-145 179
-143 179
-135 179
-130 179
-128 179
-125 179
-117 179
-113 179
-110 179
-105 179
-100 179
-98 179
-93 179
-91 179
-87 179
-82 179
-81 179
-79 179
-74 179
-69 179
-66 179
-62 179
-57 179
-49 179
-43 179
-36 179
-31 179
-24 179
-18 179
-12 179
-4 179
0 179
4 179
9 179
14 179
19 179
23 179
26 179
30 179
35 179
37 179
39 179
41 179
43 179
44 179
45 179
46 179
48 179
51 179
52 179
54 179
55 179
56 179
57 179
58 179
59 179
61 179
62 179
63 179
64 179
66 179
67 179
68 179
70 179
72 179
73 179
75 179
77 179
79 179
81 179
83 179
84 179
85 179
86 179
87 179
89 179
90 179
91 179
92 179
93 179
94 179
95 179
96 179
97 179
98 179
99 179
100 179
101 179
102 179
-190 1
-189 1
-188 1
-187 1
-186 1
-185 1
-183 1
-180 1
-178 1
-176 1
-175 1
-173 1
-172 1
-167 1
-162 1
-159 1
-154 1
-149 1
-144 1
-142 1
-139 1
-136 1
-134 1
-129 1
-124 1
-118 1
-114 1
-108 1
-104 1
-99 1
-91 1
-83 1
-75 1
-69 1
-60 1
-54 1
-47 1
-43 1
-40 1
-33 1
-30 1
-22 1
-15 1
-12 1
-7 1
-2 1
2 1
3 1
7 1
11 1
13 1
16 1
18 1
21 1
23 1
25 1
26 1
27 1
30 1
31 1
34 1
35 1
36 1
37 1
38 1
39 1
