-184 178
-184 177
-184 176
-184 175
-184 174
-184 173
-184 171
-184 170
-184 168
-184 166
-184 164
-184 161
-184 156
-184 153
-184 150
-184 148
-184 145
-184 142
-184 139
-184 137
-184 134
-184 131
-184 128
-184 126
-184 123
-184 120
-184 117
-184 112
-184 110
-184 107
-184 104
-184 101
-184 96
-184 94
-184 91
-184 86
-184 80
-184 74
-184 65
-184 56
-184 48
-184 41
-184 34
-184 27
-184 18
-184 11
-184 4
-184 -3
-184 -8
-184 -15
-184 -20
-184 -25
-184 -28
-184 -31
-184 -36
-184 -41
-184 -44
-184 -49
-184 -54
-184 -60
-184 -65
-184 -70
-184 -75
-184 -78
-184 -81
-184 -86
-184 -89
-184 -91
-184 -93
-184 -95
-184 -96
-184 -98
-184 -100
-184 -101
-184 -102
-184 -103
-184 -104
-184 -105
-184 -106
-184 -107
-184 -108
-184 -112
-184 -113
-184 -115
-184 -116
-184 -118
-184 -119
-184 -120
-184 -122
-184 -124
-184 -125
-184 -127
-184 -130
-184 -131
-184 -135
-184 -137
-184 -140
-184 -143
-184 -144
-184 -146
-184 -148
-184 -149
-184 -153
-184 -154
-184 -156
-184 -159
-184 -160
-184 -164
-184 -165
-184 -166
-184 -167
-184 -169
-184 -170
-184 -172
-184 -173
-184 -175
-184 -176
-184 -178
-184 -180
-184 -181
-184 -182
-184 -183
-184 -184
-184 -185
-184 -186
-178 -186
-178 4
-178 5
-177 6
-176 6
-176 7
-175 8
-174 9
-174 10
-173 10
-172 11
-172 12
-171 12
-170 12
-169 13
-168 14
-164 17
-154 25
-149 30
-136 43
-127 52
-122 57
-119 59
-118 60
-117 61
-116 61
-115 61
-114 62
-112 64
-111 64
-109 66
-106 68
-104 69
-101 70
-99 73
-98 73
-98 74
-97 75
-95 76
-94 78
-93 78
-92 78
-91 79
-90 80
-90 81
-89 81
-87 81
-85 84
-81 87
-79 90
-77 91
-77 92
-74 93
-73 95
-72 96
-71 96
-69 99
-65 102
-59 108
-50 118
-45 124
-41 128
-40 129
-38 130
-36 131
-35 131
-35 132
-35 133
-33 134
-32 136
-30 137
-29 139
-27 140
-26 141
-25 142
-24 142
-22 144
-21 145
-18 147
-17 148
-16 149
-15 150
-14 151
-13 151
-13 152
-12 152
-11 152
-10 153
-9 153
-8 154
-7 155
-5 158
-4 159
-2 161
2 163
4 165
5 165
6 165
-173 1
-172 0
-171 0
-169 -1
-169 -2
-167 -2
-166 -2
-164 -2
-163 -3
-161 -4
-160 -6
-159 -7
-156 -8
-155 -8
-153 -9
-149 -11
-148 -12
-146 -15
-145 -15
-144 -16
-143 -16
-141 -17
-140 -17
-138 -17
-136 -19
-134 -20
-132 -21
-130 -22
-126 -24
-125 -26
-121 -29
-118 -31
-116 -34
-113 -36
-110 -38
-108 -40
-104 -42
-102 -44
-98 -46
-96 -47
-94 -48
-91 -49
-89 -52
-87 -53
-85 -55
-82 -58
-81 -59
-80 -60
-78 -61
-75 -63
-74 -63
-71 -64
-68 -65
-66 -66
-62 -68
-60 -69
-57 -71
-56 -73
-53 -75
-50 -78
-48 -81
-44 -85
-40 -88
-37 -91
-33 -93
-30 -95
-28 -97
-25 -100
-24 -102
-21 -104
-20 -104
-18 -107
-14 -109
-12 -110
-11 -111
-11 -113
-9 -114
-8 -115
-5 -117
-3 -119
-1 -119
1 -121
3 -124
5 -126
7 -127
11 -130
14 -133
16 -134
19 -138
20 -138
22 -138
24 -140
27 -144
30 -147
32 -148
35 -151
36 -154
38 -156
40 -157
43 -159
44 -162
47 -164
48 -165
50 -165
51 -166
52 -167
54 -169
56 -171
57 -173
58 -173
