-185 109 -149
-185 109 -74
-185 109 1
-185 109 76
-185 108 -149
-185 108 -74
-185 108 1
-185 108 76
-185 107 -149
-185 107 -74
-185 107 1
-185 107 76
-185 106 -149
-185 106 -74
-185 106 1
-185 106 76
-185 105 -149
-185 105 -74
-185 105 1
-185 105 76
-185 103 -149
-185 103 -74
-185 103 1
-185 103 76
-185 102 -149
-185 102 -74
-185 102 1
-185 102 76
-185 100 -149
-185 100 -74
-185 100 1
-185 100 76
-185 99 -149
-185 99 -74
-185 99 1
-185 99 76
-185 98 -149
-185 98 -74
-185 98 1
-185 98 76
-185 96 -149
-185 96 -74
-185 96 1
-185 96 76
-185 95 -149
-185 95 -74
-185 95 1
-185 95 76
-185 93 -149
-185 93 -74
-185 93 1
-185 93 76
-185 91 -149
-185 91 -74
-185 91 1
-185 91 76
-185 90 -149
-185 90 -74
-185 90 1
-185 90 76
-185 88 -149
-185 88 -74
-185 88 1
-185 88 76
-185 87 -149
-185 87 -74
-185 87 1
-185 87 76
-185 85 -149
-185 85 -74
-185 85 1
-185 85 76
-185 83 -149
-185 83 -74
-185 83 1
-185 83 76
-185 82 -149
-185 82 -74
-185 82 1
-185 82 76
-185 80 -149
-185 80 -74
-185 80 1
-185 80 76
-185 78 -149
-185 78 -74
-185 78 1
-185 78 76
-185 77 -149
-185 77 -74
-185 77 1
-185 77 76
-185 75 -149
-185 75 -74
-185 75 1
-185 75 76
-185 74 -149
-185 74 -74
-185 74 1
-185 74 76
-185 72 -149
-185 72 -74
-185 72 1
-185 72 76
-185 70 -149
-185 70 -74
-185 70 1
-185 70 76
-185 69 -149
-185 69 -74
-185 69 1
-185 69 76
-185 68 -149
-185 68 -74
-185 68 1
-185 68 76
-185 66 -149
-185 66 -74
-185 66 1
-185 66 76
-185 63 -149
-185 63 -74
-185 63 1
-185 63 76
-185 61 -149
-185 61 -74
-185 61 1
-185 61 76
-185 59 -149
-185 59 -74
-185 59 1
-185 59 76
-185 56 -149
-185 56 -74
-185 56 1
-185 56 76
-185 55 -149
-185 55 -74
-185 55 1
-185 55 76
-185 53 -149
-185 53 -74
-185 53 1
-185 53 76
-185 51 -149
-185 51 -74
-185 51 1
-185 51 76
-185 50 -149
-185 50 -74
-185 50 1
-185 50 76
-185 49 -149
-185 49 -74
-185 49 1
-185 49 76
-185 47 -149
-185 47 -74
-185 47 1
-185 47 76
-185 46 -149
-185 46 -74
-185 46 1
-185 46 76
-185 44 -149
-185 44 -74
-185 44 1
-185 44 76
-185 43 -149
-185 43 -74
-185 43 1
-185 43 76
-185 42 -149
-185 42 -74
-185 42 1
-185 42 76
-185 41 -149
-185 41 -74
-185 41 1
-185 41 76
-185 40 -149
-185 40 -74
-185 40 1
-185 40 76
-185 39 -149
-185 39 -74
-185 39 1
-185 39 76
-185 38 -149
-185 38 -74
-185 38 1
-185 38 76
-185 37 -149
-185 37 -74
-185 37 1
-185 37 76
-185 35 -149
-185 35 -74
-185 35 1
-185 35 76
-185 34 -149
-185 34 -74
-185 34 1
-185 34 76
-185 32 -149
-185 32 -74
-185 32 1
-185 32 76
-185 30 -149
-185 30 -74
-185 30 1
-185 30 76
-185 29 -149
-185 29 -74
-185 29 1
-185 29 76
-185 26 -149
-185 26 -74
-185 26 1
-185 26 76
-185 23 -149
-185 23 -74
-185 23 1
-185 23 76
-185 20 -149
-185 20 -74
-185 20 1
-185 20 76
-185 18 -149
-185 18 -74
-185 18 1
-185 18 76
-185 16 -149
-185 16 -74
-185 16 1
-185 16 76
-185 13 -149
-185 13 -74
-185 13 1
-185 13 76
-185 12 -149
-185 12 -74
-185 12 1
-185 12 76
-185 11 -149
-185 11 -74
-185 11 1
-185 11 76
-185 9 -149
-185 9 -74
-185 9 1
-185 9 76
-185 8 -149
-185 8 -74
-185 8 1
-185 8 76
-185 6 -149
-185 6 -74
-185 6 1
-185 6 76
-185 5 -149
-185 5 -74
-185 5 1
-185 5 76
-185 4 -149
-185 4 -74
-185 4 1
-185 4 76
-185 2 -149
-185 2 -74
-185 2 1
-185 2 76
-185 1 -149
-185 1 -74
-185 1 1
-185 1 76
-185 -2 -149
-185 -2 -74
-185 -2 1
-185 -2 76
-185 -4 -149
-185 -4 -74
-185 -4 1
-185 -4 76
-185 -5 -149
-185 -5 -74
-185 -5 1
-185 -5 76
-185 -7 -149
-185 -7 -74
-185 -7 1
-185 -7 76
-185 -8 -149
-185 -8 -74
-185 -8 1
-185 -8 76
-185 -9 -149
-185 -9 -74
-185 -9 1
-185 -9 76
-185 -11 -149
-185 -11 -74
-185 -11 1
-185 -11 76
-185 -13 -149
-185 -13 -74
-185 -13 1
-185 -13 76
-185 -15 -149
-185 -15 -74
-185 -15 1
-185 -15 76
-185 -16 -149
-185 -16 -74
-185 -16 1
-185 -16 76
-185 -18 -149
-185 -18 -74
-185 -18 1
-185 -18 76
-185 -19 -149
-185 -19 -74
-185 -19 1
-185 -19 76
-185 -20 -149
-185 -20 -74
-185 -20 1
-185 -20 76
-185 -21 -149
-185 -21 -74
-185 -21 1
-185 -21 76
-185 -22 -149
-185 -22 -74
-185 -22 1
-185 -22 76
-185 -23 -149
-185 -23 -74
-185 -23 1
-185 -23 76
-185 -24 -149
-185 -24 -74
-185 -24 1
-185 -24 76
-185 -25 -149
-185 -25 -74
-185 -25 1
-185 -25 76
-185 -26 -149
-185 -26 -74
-185 -26 1
-185 -26 76
-185 -27 -149
-185 -27 -74
-185 -27 1
-185 -27 76
-185 -28 -149
-185 -28 -74
-185 -28 1
-185 -28 76
-185 -29 -149
-185 -29 -74
-185 -29 1
-185 -29 76
-185 -30 -149
-185 -30 -74
-185 -30 1
-185 -30 76
-185 -31 -149
-185 -31 -74
-185 -31 1
-185 -31 76
-185 -32 -149
-185 -32 -74
-185 -32 1
-185 -32 76
-185 -33 -149
-185 -33 -74
-185 -33 1
-185 -33 76
-185 -34 -149
-185 -34 -74
-185 -34 1
-185 -34 76
-185 -35 -149
-185 -35 -74
-185 -35 1
-185 -35 76
-185 -36 -149
-185 -36 -74
-185 -36 1
-185 -36 76
-185 -38 -149
-185 -38 -74
-185 -38 1
-185 -38 76
-185 -39 -149
-185 -39 -74
-185 -39 1
-185 -39 76
-185 -40 -149
-185 -40 -74
-185 -40 1
-185 -40 76
-185 -41 -149
-185 -41 -74
-185 -41 1
-185 -41 76
-185 -42 -149
-185 -42 -74
-185 -42 1
-185 -42 76
-185 -43 -149
-185 -43 -74
-185 -43 1
-185 -43 76
-185 -44 -149
-185 -44 -74
-185 -44 1
-185 -44 76
-185 -45 -149
-185 -45 -74
-185 -45 1
-185 -45 76
-185 -46 -149
-185 -46 -74
-185 -46 1
-185 -46 76
-185 -47 -149
-185 -47 -74
-185 -47 1
-185 -47 76
-185 -48 -149
-185 -48 -74
-185 -48 1
-185 -48 76
-185 -49 -149
-185 -49 -74
-185 -49 1
-185 -49 76
-185 -50 -149
-185 -50 -74
-185 -50 1
-185 -50 76
-185 -51 -149
-185 -51 -74
-185 -51 1
-185 -51 76
-185 -52 -149
-185 -52 -74
-185 -52 1
-185 -52 76
-185 -53 -149
-185 -53 -74
-185 -53 1
-185 -53 76
-185 -54 -149
-185 -54 -74
-185 -54 1
-185 -54 76
-185 -55 -149
-185 -55 -74
-185 -55 1
-185 -55 76
-185 -57 -149
-185 -57 -74
-185 -57 1
-185 -57 76
-185 -58 -149
-185 -58 -74
-185 -58 1
-185 -58 76
-185 -59 -149
-185 -59 -74
-185 -59 1
-185 -59 76
-185 -60 -149
-185 -60 -74
-185 -60 1
-185 -60 76
-185 -61 -149
-185 -61 -74
-185 -61 1
-185 -61 76
-185 -62 -149
-185 -62 -74
-185 -62 1
-185 -62 76
-185 -63 -149
-185 -63 -74
-185 -63 1
-185 -63 76
-185 -64 -149
-185 -64 -74
-185 -64 1
-185 -64 76
-185 -65 -149
-185 -65 -74
-185 -65 1
-185 -65 76
-185 -66 -149
-185 -66 -74
-185 -66 1
-185 -66 76
-185 -67 -149
-185 -67 -74
-185 -67 1
-185 -67 76
-185 -68 -149
-185 -68 -74
-185 -68 1
-185 -68 76
-186 107 -149
-186 107 -74
-186 107 1
-186 107 76
-186 106 -149
-186 106 -74
-186 106 1
-186 106 76
-186 105 -149
-186 105 -74
-186 105 1
-186 105 76
-186 104 -149
-186 104 -74
-186 104 1
-186 104 76
-185 104 -149
-185 104 -74
-185 104 1
-185 104 76
-184 104 -149
-184 104 -74
-184 104 1
-184 104 76
-183 104 -149
-183 104 -74
-183 104 1
-183 104 76
-182 104 -149
-182 104 -74
-182 104 1
-182 104 76
-183 104 -149
-183 104 -74
-183 104 1
-183 104 76
-183 105 -149
-183 105 -74
-183 105 1
-183 105 76
-184 105 -149
-184 105 -74
-184 105 1
-184 105 76
-185 106 -149
-185 106 -74
-185 106 1
-185 106 76
-184 111 -149
-184 111 -74
-184 111 1
-184 111 76
-184 110 -149
-184 110 -74
-184 110 1
-184 110 76
-183 110 -149
-183 110 -74
-183 110 1
-183 110 76
-182 110 -149
-182 110 -74
-182 110 1
-182 110 76
-182 109 -149
-182 109 -74
-182 109 1
-182 109 76
-181 109 -149
-181 109 -74
-181 109 1
-181 109 76
-180 109 -149
-180 109 -74
-180 109 1
-180 109 76
-179 109 -149
-179 109 -74
-179 109 1
-179 109 76
-178 109 -149
-178 109 -74
-178 109 1
-178 109 76
-177 109 -149
-177 109 -74
-177 109 1
-177 109 76
-177 108 -149
-177 108 -74
-177 108 1
-177 108 76
-176 108 -149
-176 108 -74
-176 108 1
-176 108 76
-175 108 -149
-175 108 -74
-175 108 1
-175 108 76
-174 108 -149
-174 108 -74
-174 108 1
-174 108 76
-173 108 -149
-173 108 -74
-173 108 1
-173 108 76
-172 108 -149
-172 108 -74
-172 108 1
-172 108 76
-171 108 -149
-171 108 -74
-171 108 1
-171 108 76
-170 108 -149
-170 108 -74
-170 108 1
-170 108 76
-168 109 -149
-168 109 -74
-168 109 1
-168 109 76
-167 109 -149
-167 109 -74
-167 109 1
-167 109 76
-166 109 -149
-166 109 -74
-166 109 1
-166 109 76
-165 109 -149
-165 109 -74
-165 109 1
-165 109 76
-164 109 -149
-164 109 -74
-164 109 1
-164 109 76
-163 109 -149
-163 109 -74
-163 109 1
-163 109 76
-162 109 -149
-162 109 -74
-162 109 1
-162 109 76
-161 109 -149
-161 109 -74
-161 109 1
-161 109 76
-160 109 -149
-160 109 -74
-160 109 1
-160 109 76
-159 109 -149
-159 109 -74
-159 109 1
-159 109 76
-158 109 -149
-158 109 -74
-158 109 1
-158 109 76
-157 109 -149
-157 109 -74
-157 109 1
-157 109 76
-156 109 -149
-156 109 -74
-156 109 1
-156 109 76
-155 109 -149
-155 109 -74
-155 109 1
-155 109 76
-154 109 -149
-154 109 -74
-154 109 1
-154 109 76
-152 109 -149
-152 109 -74
-152 109 1
-152 109 76
-150 109 -149
-150 109 -74
-150 109 1
-150 109 76
-148 109 -149
-148 109 -74
-148 109 1
-148 109 76
-147 109 -149
-147 109 -74
-147 109 1
-147 109 76
-145 109 -149
-145 109 -74
-145 109 1
-145 109 76
-144 109 -149
-144 109 -74
-144 109 1
-144 109 76
-143 109 -149
-143 109 -74
-143 109 1
-143 109 76
-142 109 -149
-142 109 -74
-142 109 1
-142 109 76
-141 109 -149
-141 109 -74
-141 109 1
-141 109 76
-139 109 -149
-139 109 -74
-139 109 1
-139 109 76
-138 109 -149
-138 109 -74
-138 109 1
-138 109 76
-137 109 -149
-137 109 -74
-137 109 1
-137 109 76
-136 109 -149
-136 109 -74
-136 109 1
-136 109 76
-135 109 -149
-135 109 -74
-135 109 1
-135 109 76
-134 109 -149
-134 109 -74
-134 109 1
-134 109 76
-133 109 -149
-133 109 -74
-133 109 1
-133 109 76
-132 109 -149
-132 109 -74
-132 109 1
-132 109 76
-131 109 -149
-131 109 -74
-131 109 1
-131 109 76
-128 109 -149
-128 109 -74
-128 109 1
-128 109 76
-127 109 -149
-127 109 -74
-127 109 1
-127 109 76
-125 109 -149
-125 109 -74
-125 109 1
-125 109 76
-121 109 -149
-121 109 -74
-121 109 1
-121 109 76
-118 109 -149
-118 109 -74
-118 109 1
-118 109 76
-117 109 -149
-117 109 -74
-117 109 1
-117 109 76
-115 109 -149
-115 109 -74
-115 109 1
-115 109 76
-113 109 -149
-113 109 -74
-113 109 1
-113 109 76
-111 109 -149
-111 109 -74
-111 109 1
-111 109 76
-109 109 -149
-109 109 -74
-109 109 1
-109 109 76
-108 109 -149
-108 109 -74
-108 109 1
-108 109 76
-107 109 -149
-107 109 -74
-107 109 1
-107 109 76
-105 109 -149
-105 109 -74
-105 109 1
-105 109 76
-101 109 -149
-101 109 -74
-101 109 1
-101 109 76
-100 109 -149
-100 109 -74
-100 109 1
-100 109 76
-99 109 -149
-99 109 -74
-99 109 1
-99 109 76
-97 109 -149
-97 109 -74
-97 109 1
-97 109 76
-96 109 -149
-96 109 -74
-96 109 1
-96 109 76
-95 109 -149
-95 109 -74
-95 109 1
-95 109 76
-94 109 -149
-94 109 -74
-94 109 1
-94 109 76
-93 109 -149
-93 109 -74
-93 109 1
-93 109 76
-91 109 -149
-91 109 -74
-91 109 1
-91 109 76
-90 109 -149
-90 109 -74
-90 109 1
-90 109 76
-88 109 -149
-88 109 -74
-88 109 1
-88 109 76
-87 109 -149
-87 109 -74
-87 109 1
-87 109 76
-86 110 -149
-86 110 -74
-86 110 1
-86 110 76
-85 110 -149
-85 110 -74
-85 110 1
-85 110 76
-84 110 -149
-84 110 -74
-84 110 1
-84 110 76
-83 110 -149
-83 110 -74
-83 110 1
-83 110 76
-81 110 -149
-81 110 -74
-81 110 1
-81 110 76
-80 110 -149
-80 110 -74
-80 110 1
-80 110 76
-78 110 -149
-78 110 -74
-78 110 1
-78 110 76
-77 110 -149
-77 110 -74
-77 110 1
-77 110 76
-76 110 -149
-76 110 -74
-76 110 1
-76 110 76
-75 110 -149
-75 110 -74
-75 110 1
-75 110 76
-74 110 -149
-74 110 -74
-74 110 1
-74 110 76
-73 110 -149
-73 110 -74
-73 110 1
-73 110 76
-72 110 -149
-72 110 -74
-72 110 1
-72 110 76
-71 110 -149
-71 110 -74
-71 110 1
-71 110 76
-70 110 -149
-70 110 -74
-70 110 1
-70 110 76
-69 110 -149
-69 110 -74
-69 110 1
-69 110 76
-68 110 -149
-68 110 -74
-68 110 1
-68 110 76
-67 110 -149
-67 110 -74
-67 110 1
-67 110 76
-66 110 -149
-66 110 -74
-66 110 1
-66 110 76
-63 110 -149
-63 110 -74
-63 110 1
-63 110 76
-61 110 -149
-61 110 -74
-61 110 1
-61 110 76
-60 110 -149
-60 110 -74
-60 110 1
-60 110 76
-58 110 -149
-58 110 -74
-58 110 1
-58 110 76
-57 110 -149
-57 110 -74
-57 110 1
-57 110 76
-55 110 -149
-55 110 -74
-55 110 1
-55 110 76
-54 110 -149
-54 110 -74
-54 110 1
-54 110 76
-52 110 -149
-52 110 -74
-52 110 1
-52 110 76
-51 110 -149
-51 110 -74
-51 110 1
-51 110 76
-50 110 -149
-50 110 -74
-50 110 1
-50 110 76
-49 110 -149
-49 110 -74
-49 110 1
-49 110 76
-48 110 -149
-48 110 -74
-48 110 1
-48 110 76
-47 110 -149
-47 110 -74
-47 110 1
-47 110 76
-46 110 -149
-46 110 -74
-46 110 1
-46 110 76
-45 110 -149
-45 110 -74
-45 110 1
-45 110 76
-44 110 -149
-44 110 -74
-44 110 1
-44 110 76
-43 110 -149
-43 110 -74
-43 110 1
-43 110 76
-42 110 -149
-42 110 -74
-42 110 1
-42 110 76
-41 110 -149
-41 110 -74
-41 110 1
-41 110 76
-40 110 -149
-40 110 -74
-40 110 1
-40 110 76
-39 110 -149
-39 110 -74
-39 110 1
-39 110 76
-37 110 -149
-37 110 -74
-37 110 1
-37 110 76
-36 110 -149
-36 110 -74
-36 110 1
-36 110 76
-34 110 -149
-34 110 -74
-34 110 1
-34 110 76
-33 110 -149
-33 110 -74
-33 110 1
-33 110 76
-31 110 -149
-31 110 -74
-31 110 1
-31 110 76
-29 110 -149
-29 110 -74
-29 110 1
-29 110 76
-28 110 -149
-28 110 -74
-28 110 1
-28 110 76
-28 109 -149
-28 109 -74
-28 109 1
-28 109 76
-27 109 -149
-27 109 -74
-27 109 1
-27 109 76
-26 109 -149
-26 109 -74
-26 109 1
-26 109 76
-25 109 -149
-25 109 -74
-25 109 1
-25 109 76
-24 109 -149
-24 109 -74
-24 109 1
-24 109 76
-23 109 -149
-23 109 -74
-23 109 1
-23 109 76
-22 110 -149
-22 110 -74
-22 110 1
-22 110 76
-20 110 -149
-20 110 -74
-20 110 1
-20 110 76
-19 110 -149
-19 110 -74
-19 110 1
-19 110 76
-18 110 -149
-18 110 -74
-18 110 1
-18 110 76
-17 110 -149
-17 110 -74
-17 110 1
-17 110 76
-16 110 -149
-16 110 -74
-16 110 1
-16 110 76
-15 110 -149
-15 110 -74
-15 110 1
-15 110 76
-14 110 -149
-14 110 -74
-14 110 1
-14 110 76
-13 110 -149
-13 110 -74
-13 110 1
-13 110 76
-12 110 -149
-12 110 -74
-12 110 1
-12 110 76
-11 110 -149
-11 110 -74
-11 110 1
-11 110 76
-10 110 -149
-10 110 -74
-10 110 1
-10 110 76
-9 110 -149
-9 110 -74
-9 110 1
-9 110 76
-8 110 -149
-8 110 -74
-8 110 1
-8 110 76
-10 110 -149
-10 110 -74
-10 110 1
-10 110 76
-10 109 -149
-10 109 -74
-10 109 1
-10 109 76
-10 108 -149
-10 108 -74
-10 108 1
-10 108 76
-10 106 -149
-10 106 -74
-10 106 1
-10 106 76
-10 102 -149
-10 102 -74
-10 102 1
-10 102 76
-10 99 -149
-10 99 -74
-10 99 1
-10 99 76
-10 98 -149
-10 98 -74
-10 98 1
-10 98 76
-10 97 -149
-10 97 -74
-10 97 1
-10 97 76
-10 96 -149
-10 96 -74
-10 96 1
-10 96 76
-10 95 -149
-10 95 -74
-10 95 1
-10 95 76
-10 94 -149
-10 94 -74
-10 94 1
-10 94 76
-10 93 -149
-10 93 -74
-10 93 1
-10 93 76
-10 89 -149
-10 89 -74
-10 89 1
-10 89 76
-10 86 -149
-10 86 -74
-10 86 1
-10 86 76
-10 85 -149
-10 85 -74
-10 85 1
-10 85 76
-10 82 -149
-10 82 -74
-10 82 1
-10 82 76
-10 81 -149
-10 81 -74
-10 81 1
-10 81 76
-10 80 -149
-10 80 -74
-10 80 1
-10 80 76
-10 78 -149
-10 78 -74
-10 78 1
-10 78 76
-10 77 -149
-10 77 -74
-10 77 1
-10 77 76
-10 76 -149
-10 76 -74
-10 76 1
-10 76 76
-10 75 -149
-10 75 -74
-10 75 1
-10 75 76
-10 71 -149
-10 71 -74
-10 71 1
-10 71 76
-10 69 -149
-10 69 -74
-10 69 1
-10 69 76
-10 65 -149
-10 65 -74
-10 65 1
-10 65 76
-10 62 -149
-10 62 -74
-10 62 1
-10 62 76
-10 58 -149
-10 58 -74
-10 58 1
-10 58 76
-10 56 -149
-10 56 -74
-10 56 1
-10 56 76
-10 52 -149
-10 52 -74
-10 52 1
-10 52 76
-10 46 -149
-10 46 -74
-10 46 1
-10 46 76
-10 40 -149
-10 40 -74
-10 40 1
-10 40 76
-10 30 -149
-10 30 -74
-10 30 1
-10 30 76
-10 23 -149
-10 23 -74
-10 23 1
-10 23 76
-10 19 -149
-10 19 -74
-10 19 1
-10 19 76
-10 17 -149
-10 17 -74
-10 17 1
-10 17 76
-10 14 -149
-10 14 -74
-10 14 1
-10 14 76
-10 12 -149
-10 12 -74
-10 12 1
-10 12 76
-10 11 -149
-10 11 -74
-10 11 1
-10 11 76
-10 10 -149
-10 10 -74
-10 10 1
-10 10 76
-10 9 -149
-10 9 -74
-10 9 1
-10 9 76
-10 7 -149
-10 7 -74
-10 7 1
-10 7 76
-10 5 -149
-10 5 -74
-10 5 1
-10 5 76
-10 3 -149
-10 3 -74
-10 3 1
-10 3 76
-10 -2 -149
-10 -2 -74
-10 -2 1
-10 -2 76
-10 -6 -149
-10 -6 -74
-10 -6 1
-10 -6 76
-10 -10 -149
-10 -10 -74
-10 -10 1
-10 -10 76
-10 -14 -149
-10 -14 -74
-10 -14 1
-10 -14 76
-10 -15 -149
-10 -15 -74
-10 -15 1
-10 -15 76
-10 -17 -149
-10 -17 -74
-10 -17 1
-10 -17 76
-10 -19 -149
-10 -19 -74
-10 -19 1
-10 -19 76
-10 -20 -149
-10 -20 -74
-10 -20 1
-10 -20 76
-10 -21 -149
-10 -21 -74
-10 -21 1
-10 -21 76
-10 -24 -149
-10 -24 -74
-10 -24 1
-10 -24 76
-10 -26 -149
-10 -26 -74
-10 -26 1
-10 -26 76
-10 -28 -149
-10 -28 -74
-10 -28 1
-10 -28 76
-10 -32 -149
-10 -32 -74
-10 -32 1
-10 -32 76
-10 -36 -149
-10 -36 -74
-10 -36 1
-10 -36 76
-10 -41 -149
-10 -41 -74
-10 -41 1
-10 -41 76
-10 -43 -149
-10 -43 -74
-10 -43 1
-10 -43 76
-10 -44 -149
-10 -44 -74
-10 -44 1
-10 -44 76
-10 -45 -149
-10 -45 -74
-10 -45 1
-10 -45 76
-10 -46 -149
-10 -46 -74
-10 -46 1
-10 -46 76
-10 -48 -149
-10 -48 -74
-10 -48 1
-10 -48 76
-10 -51 -149
-10 -51 -74
-10 -51 1
-10 -51 76
-10 -52 -149
-10 -52 -74
-10 -52 1
-10 -52 76
-10 -53 -149
-10 -53 -74
-10 -53 1
-10 -53 76
-10 -58 -149
-10 -58 -74
-10 -58 1
-10 -58 76
-10 -61 -149
-10 -61 -74
-10 -61 1
-10 -61 76
-10 -62 -149
-10 -62 -74
-10 -62 1
-10 -62 76
-10 -63 -149
-10 -63 -74
-10 -63 1
-10 -63 76
-10 -64 -149
-10 -64 -74
-10 -64 1
-10 -64 76
-10 -65 -149
-10 -65 -74
-10 -65 1
-10 -65 76
-10 -66 -149
-10 -66 -74
-10 -66 1
-10 -66 76
-9 -67 -149
-9 -67 -74
-9 -67 1
-9 -67 76
-9 -68 -149
-9 -68 -74
-9 -68 1
-9 -68 76
-185 -69 -149
-185 -69 -74
-185 -69 1
-185 -69 76
-185 -70 -149
-185 -70 -74
-185 -70 1
-185 -70 76
-185 -71 -149
-185 -71 -74
-185 -71 1
-185 -71 76
-184 -71 -149
-184 -71 -74
-184 -71 1
-184 -71 76
-183 -72 -149
-183 -72 -74
-183 -72 1
-183 -72 76
-182 -72 -149
-182 -72 -74
-182 -72 1
-182 -72 76
-181 -72 -149
-181 -72 -74
-181 -72 1
-181 -72 76
-180 -72 -149
-180 -72 -74
-180 -72 1
-180 -72 76
-179 -72 -149
-179 -72 -74
-179 -72 1
-179 -72 76
-178 -72 -149
-178 -72 -74
-178 -72 1
-178 -72 76
-177 -72 -149
-177 -72 -74
-177 -72 1
-177 -72 76
-176 -72 -149
-176 -72 -74
-176 -72 1
-176 -72 76
-175 -72 -149
-175 -72 -74
-175 -72 1
-175 -72 76
-174 -72 -149
-174 -72 -74
-174 -72 1
-174 -72 76
-173 -72 -149
-173 -72 -74
-173 -72 1
-173 -72 76
-172 -72 -149
-172 -72 -74
-172 -72 1
-172 -72 76
-171 -72 -149
-171 -72 -74
-171 -72 1
-171 -72 76
-170 -72 -149
-170 -72 -74
-170 -72 1
-170 -72 76
-169 -72 -149
-169 -72 -74
-169 -72 1
-169 -72 76
-168 -72 -149
-168 -72 -74
-168 -72 1
-168 -72 76
-167 -72 -149
-167 -72 -74
-167 -72 1
-167 -72 76
-166 -72 -149
-166 -72 -74
-166 -72 1
-166 -72 76
-165 -72 -149
-165 -72 -74
-165 -72 1
-165 -72 76
-164 -72 -149
-164 -72 -74
-164 -72 1
-164 -72 76
-163 -72 -149
-163 -72 -74
-163 -72 1
-163 -72 76
-161 -72 -149
-161 -72 -74
-161 -72 1
-161 -72 76
-160 -72 -149
-160 -72 -74
-160 -72 1
-160 -72 76
-159 -72 -149
-159 -72 -74
-159 -72 1
-159 -72 76
-158 -72 -149
-158 -72 -74
-158 -72 1
-158 -72 76
-157 -72 -149
-157 -72 -74
-157 -72 1
-157 -72 76
-155 -72 -149
-155 -72 -74
-155 -72 1
-155 -72 76
-153 -72 -149
-153 -72 -74
-153 -72 1
-153 -72 76
-151 -72 -149
-151 -72 -74
-151 -72 1
-151 -72 76
-150 -72 -149
-150 -72 -74
-150 -72 1
-150 -72 76
-148 -72 -149
-148 -72 -74
-148 -72 1
-148 -72 76
-147 -72 -149
-147 -72 -74
-147 -72 1
-147 -72 76
-145 -72 -149
-145 -72 -74
-145 -72 1
-145 -72 76
-144 -72 -149
-144 -72 -74
-144 -72 1
-144 -72 76
-142 -72 -149
-142 -72 -74
-142 -72 1
-142 -72 76
-141 -72 -149
-141 -72 -74
-141 -72 1
-141 -72 76
-139 -72 -149
-139 -72 -74
-139 -72 1
-139 -72 76
-137 -72 -149
-137 -72 -74
-137 -72 1
-137 -72 76
-136 -72 -149
-136 -72 -74
-136 -72 1
-136 -72 76
-134 -72 -149
-134 -72 -74
-134 -72 1
-134 -72 76
-132 -72 -149
-132 -72 -74
-132 -72 1
-132 -72 76
-131 -72 -149
-131 -72 -74
-131 -72 1
-131 -72 76
-130 -72 -149
-130 -72 -74
-130 -72 1
-130 -72 76
-129 -72 -149
-129 -72 -74
-129 -72 1
-129 -72 76
-126 -72 -149
-126 -72 -74
-126 -72 1
-126 -72 76
-125 -72 -149
-125 -72 -74
-125 -72 1
-125 -72 76
-123 -72 -149
-123 -72 -74
-123 -72 1
-123 -72 76
-122 -72 -149
-122 -72 -74
-122 -72 1
-122 -72 76
-121 -72 -149
-121 -72 -74
-121 -72 1
-121 -72 76
-120 -72 -149
-120 -72 -74
-120 -72 1
-120 -72 76
-118 -72 -149
-118 -72 -74
-118 -72 1
-118 -72 76
-117 -72 -149
-117 -72 -74
-117 -72 1
-117 -72 76
-116 -72 -149
-116 -72 -74
-116 -72 1
-116 -72 76
-115 -72 -149
-115 -72 -74
-115 -72 1
-115 -72 76
-113 -72 -149
-113 -72 -74
-113 -72 1
-113 -72 76
-112 -72 -149
-112 -72 -74
-112 -72 1
-112 -72 76
-111 -72 -149
-111 -72 -74
-111 -72 1
-111 -72 76
-109 -72 -149
-109 -72 -74
-109 -72 1
-109 -72 76
-106 -72 -149
-106 -72 -74
-106 -72 1
-106 -72 76
-104 -72 -149
-104 -72 -74
-104 -72 1
-104 -72 76
-101 -72 -149
-101 -72 -74
-101 -72 1
-101 -72 76
-98 -72 -149
-98 -72 -74
-98 -72 1
-98 -72 76
-94 -72 -149
-94 -72 -74
-94 -72 1
-94 -72 76
-92 -72 -149
-92 -72 -74
-92 -72 1
-92 -72 76
-90 -72 -149
-90 -72 -74
-90 -72 1
-90 -72 76
-89 -72 -149
-89 -72 -74
-89 -72 1
-89 -72 76
-86 -72 -149
-86 -72 -74
-86 -72 1
-86 -72 76
-84 -72 -149
-84 -72 -74
-84 -72 1
-84 -72 76
-83 -72 -149
-83 -72 -74
-83 -72 1
-83 -72 76
-81 -72 -149
-81 -72 -74
-81 -72 1
-81 -72 76
-77 -72 -149
-77 -72 -74
-77 -72 1
-77 -72 76
-72 -72 -149
-72 -72 -74
-72 -72 1
-72 -72 76
-67 -72 -149
-67 -72 -74
-67 -72 1
-67 -72 76
-64 -72 -149
-64 -72 -74
-64 -72 1
-64 -72 76
-59 -72 -149
-59 -72 -74
-59 -72 1
-59 -72 76
-55 -72 -149
-55 -72 -74
-55 -72 1
-55 -72 76
-51 -72 -149
-51 -72 -74
-51 -72 1
-51 -72 76
-45 -72 -149
-45 -72 -74
-45 -72 1
-45 -72 76
-40 -72 -149
-40 -72 -74
-40 -72 1
-40 -72 76
-36 -72 -149
-36 -72 -74
-36 -72 1
-36 -72 76
-33 -72 -149
-33 -72 -74
-33 -72 1
-33 -72 76
-32 -72 -149
-32 -72 -74
-32 -72 1
-32 -72 76
-30 -72 -149
-30 -72 -74
-30 -72 1
-30 -72 76
-29 -72 -149
-29 -72 -74
-29 -72 1
-29 -72 76
-27 -72 -149
-27 -72 -74
-27 -72 1
-27 -72 76
-26 -72 -149
-26 -72 -74
-26 -72 1
-26 -72 76
-25 -72 -149
-25 -72 -74
-25 -72 1
-25 -72 76
-24 -72 -149
-24 -72 -74
-24 -72 1
-24 -72 76
-23 -72 -149
-23 -72 -74
-23 -72 1
-23 -72 76
-22 -72 -149
-22 -72 -74
-22 -72 1
-22 -72 76
-22 -71 -149
-22 -71 -74
-22 -71 1
-22 -71 76
-21 -71 -149
-21 -71 -74
-21 -71 1
-21 -71 76
-20 -71 -149
-20 -71 -74
-20 -71 1
-20 -71 76
-19 -71 -149
-19 -71 -74
-19 -71 1
-19 -71 76
-18 -71 -149
-18 -71 -74
-18 -71 1
-18 -71 76
-17 -71 -149
-17 -71 -74
-17 -71 1
-17 -71 76
-16 -71 -149
-16 -71 -74
-16 -71 1
-16 -71 76
-15 -71 -149
-15 -71 -74
-15 -71 1
-15 -71 76
-14 -71 -149
-14 -71 -74
-14 -71 1
-14 -71 76
-13 -71 -149
-13 -71 -74
-13 -71 1
-13 -71 76
-12 -71 -149
-12 -71 -74
-12 -71 1
-12 -71 76
-11 -71 -149
-11 -71 -74
-11 -71 1
-11 -71 76
-10 -71 -149
-10 -71 -74
-10 -71 1
-10 -71 76
-101 19 -149
-101 19 -74
-101 19 1
-101 19 76
-60 59 -149
-60 59 -74
-60 59 1
-60 59 76
-142 -25 -149
-142 -25 -74
-142 -25 1
-142 -25 76
-162 -47 -149
-162 -47 -74
-162 -47 1
-162 -47 76
-122 -2 -149
-122 -2 -74
-122 -2 1
-122 -2 76
-82 40 -149
-82 40 -74
-82 40 1
-82 40 76
-41 79 -149
-41 79 -74
-41 79 1
-41 79 76
-29 92 -149
-29 92 -74
-29 92 1
-29 92 76
-70 48 -149
-70 48 -74
-70 48 1
-70 48 76
-93 29 -149
-93 29 -74
-93 29 1
-93 29 76
-113 7 -149
-113 7 -74
-113 7 1
-113 7 76
-132 -16 -149
-132 -16 -74
-132 -16 1
-132 -16 76
-153 -36 -149
-153 -36 -74
-153 -36 1
-153 -36 76
-173 -59 -149
-173 -59 -74
-173 -59 1
-173 -59 76
-139 59 -149
-139 59 -74
-139 59 1
-139 59 76
-62 -17 -149
-62 -17 -74
-62 -17 1
-62 -17 76
-162 83 -149
-162 83 -74
-162 83 1
-162 83 76
-120 37 -149
-120 37 -74
-120 37 1
-120 37 76
-83 -1 -149
-83 -1 -74
-83 -1 1
-83 -1 76
-42 -38 -149
-42 -38 -74
-42 -38 1
-42 -38 76
-28 -54 -149
-28 -54 -74
-28 -54 1
-28 -54 76
-51 -28 -149
-51 -28 -74
-51 -28 1
-51 -28 76
-72 -6 -149
-72 -6 -74
-72 -6 1
-72 -6 76
-91 11 -149
-91 11 -74
-91 11 1
-91 11 76
-109 27 -149
-109 27 -74
-109 27 1
-109 27 76
-130 47 -149
-130 47 -74
-130 47 1
-130 47 76
-150 72 -149
-150 72 -74
-150 72 1
-150 72 76
-171 95 -149
-171 95 -74
-171 95 1
-171 95 76
-53 69 -149
-53 69 -74
-53 69 1
-53 69 76
-37 -46 -149
-37 -46 -74
-37 -46 1
-37 -46 76
-21 -62 -149
-21 -62 -74
-21 -62 1
-21 -62 76
