-211 158
-211 157
-211 156
-211 155
-211 154
-211 153
-211 152
-211 151
-211 150
-211 149
-211 148
-211 147
-211 145
-211 144
-211 142
-211 140
-211 139
-211 137
-211 134
-211 132
-211 130
-211 128
-211 127
-211 125
-211 124
-211 123
-211 121
-211 118
-211 116
-211 114
-211 111
-211 109
-211 106
-211 103
-211 100
-211 98
-211 95
-211 92
-211 89
-211 88
-211 86
-211 85
-211 84
-211 82
-211 79
-211 77
-211 71
-211 69
-211 66
-211 63
-211 60
-211 58
-211 55
-211 52
-211 49
-211 46
-211 43
-211 41
-211 38
-211 35
-211 32
-211 30
-211 27
-211 24
-211 21
-211 19
-211 16
-211 13
-211 12
-211 10
-211 8
-211 6
-211 2
-211 0
-211 -3
-211 -4
-211 -7
-211 -10
-211 -11
-211 -16
-211 -17
-211 -19
-211 -21
-211 -22
-211 -24
-211 -25
-211 -24
-211 -22
-211 -24
-211 -29
-211 -40
-211 -43
-211 -45
-211 -50
-211 -51
-211 -55
-211 -56
-211 -60
-211 -62
-211 -65
-211 -70
-211 -73
-211 -78
-211 -79
-211 -83
-211 -84
-211 -87
-211 -89
-211 -91
-211 -92
-211 -93
-211 -95
-211 -97
-211 -102
-211 -104
-211 -107
-211 -112
-211 -116
-211 -118
-211 -120
-211 -122
-211 -125
-211 -127
-211 -128
-211 -129
-211 -130
-211 -132
-211 -133
-211 -134
-211 -135
-211 -138
-211 -141
-211 -145
-211 -147
-211 -150
-211 -154
-211 -156
-211 -157
-211 -158
-211 -159
-211 -160
-211 -161
-211 -162
-211 -164
-211 -167
-211 -168
-211 -169
-211 -172
-211 -174
-211 -176
-211 -178
-211 -180
-211 -182
-211 -183
-211 -184
-211 -185
-211 -188
-211 -191
-211 -192
-211 -195
-211 -200
-211 -201
-211 -204
-211 -205
-211 -207
-211 -208
-211 -209
-211 -210
-211 -206
80 159
80 158
80 155
80 154
80 153
80 152
80 151
80 149
80 148
80 146
80 145
80 143
80 138
80 136
80 133
80 128
80 123
80 118
80 113
80 107
80 105
80 99
80 94
80 86
80 75
80 70
80 64
80 59
80 54
80 48
80 43
80 38
80 34
80 31
80 26
80 22
80 16
80 11
80 7
80 1
80 -4
80 -10
80 -15
80 -21
80 -29
80 -39
80 -50
80 -55
80 -61
80 -66
80 -71
80 -77
80 -82
80 -88
80 -92
80 -93
80 -94
80 -95
80 -96
80 -97
80 -98
80 -101
80 -105
80 -113
80 -117
80 -120
80 -121
80 -120
80 -122
80 -125
80 -128
80 -136
80 -141
80 -142
80 -144
80 -145
80 -146
80 -149
80 -151
80 -153
80 -158
80 -162
80 -164
80 -165
80 -168
80 -170
80 -171
80 -173
80 -174
80 -177
80 -178
80 -181
80 -183
80 -184
80 -185
80 -187
80 -189
80 -190
80 -191
80 -192
80 -194
80 -195
80 -197
80 -198
80 -199
80 -202
80 -203
80 -205
80 -207
80 -209
80 -210
80 -211
80 -213
80 -214
80 -215
80 -217
80 -218
80 -219
80 -221
80 -222
80 -223
80 -224
-208 159
-205 154
-203 151
-202 148
-200 146
-200 144
-198 141
-195 137
-193 134
-192 132
-191 131
-188 127
-185 122
-184 120
-182 117
-180 114
-178 112
-176 109
-173 105
-171 102
-168 99
-167 97
-165 94
-162 92
-160 88
-157 85
-155 83
-153 81
-150 77
-148 74
-146 71
-143 68
-141 66
-138 63
-135 60
-134 58
-131 55
-129 52
-126 50
-124 46
-122 44
-121 41
-119 38
-118 36
-116 33
-113 29
-112 26
-110 22
-108 20
-107 16
-106 13
-105 10
-104 7
-103 3
-100 0
-98 -4
-95 -7
-92 -9
-92 -11
-88 -16
-86 -19
-83 -22
-82 -24
-81 -27
-78 -31
-76 -35
-75 -36
-73 -40
-71 -43
-69 -47
-66 -50
-64 -53
-62 -57
-59 -60
-56 -62
-54 -66
-52 -69
-51 -72
-48 -76
-45 -79
-44 -82
-42 -84
-39 -88
-37 -92
-35 -95
-33 -98
-31 -102
-29 -106
-26 -109
-24 -112
-21 -117
-20 -120
-17 -125
-14 -129
-12 -133
-10 -135
-8 -139
-6 -142
-2 -148
2 -155
6 -159
9 -164
12 -166
15 -169
18 -172
21 -174
25 -180
26 -181
29 -182
31 -185
32 -185
35 -189
40 -194
41 -194
43 -196
50 -206
54 -211
56 -214
58 -217
59 -218
62 -221
64 -222
66 -225
67 -225
71 -225
73 -225
74 -225
75 -225
77 -226
79 -227
81 -227
82 -227
