-199 185
-199 183
-199 182
-199 181
-199 180
-199 179
-199 178
-199 177
-199 176
-199 175
-199 174
-199 173
-199 172
-199 171
-199 169
-199 167
-199 166
-199 163
-199 161
-199 159
-199 156
-199 153
-199 150
-199 148
-199 145
-199 142
-199 140
-199 137
-199 134
-199 131
-199 129
-199 124
-199 118
-199 111
-199 106
-199 101
-199 95
-199 93
-199 90
-199 85
-199 80
-199 74
-199 66
-199 59
-199 52
-199 45
-199 38
-199 31
-199 26
-199 23
-199 20
-199 19
-199 17
-199 16
-199 14
-199 12
-199 11
-199 9
-199 7
-199 3
-199 1
-199 0
-199 -3
-199 -6
-199 -8
-199 -14
-199 -17
-199 -18
-199 -20
-199 -23
-199 -26
-199 -29
-199 -31
-199 -36
-199 -38
-199 -40
-199 -42
-199 -45
-199 -47
-199 -49
-199 -52
-199 -57
-199 -58
-199 -60
-199 -61
-199 -63
-199 -64
-199 -66
-199 -70
-199 -73
-199 -76
-199 -79
-199 -81
-199 -82
-199 -84
-199 -88
-199 -90
-199 -93
-199 -96
-199 -99
-199 -102
-199 -107
-199 -110
-199 -118
-199 -120
-199 -123
-199 -129
-199 -130
-199 -133
-199 -138
-199 -141
-199 -147
-199 -149
-199 -152
-199 -162
-199 -165
-199 -171
-199 -173
-199 -176
-199 -179
-199 -180
-199 -183
-199 -185
-199 -188
-199 -190
-199 -192
-199 -193
-199 -194
-199 -195
-199 -196
-199 -197
-199 -196
-199 -195
-199 -193
-199 -192
-199 -191
-200 -190
-195 183
-194 183
-192 183
-191 183
-190 183
-189 183
-185 183
-182 183
-181 183
-177 183
-175 183
-173 183
-172 183
-170 183
-168 183
-167 183
-166 183
-164 183
-163 183
-161 183
-159 183
-157 182
-156 182
-154 182
-151 182
-150 182
-149 181
-147 181
-145 180
-144 180
-143 180
-140 180
-138 180
-135 180
-130 180
-128 181
-126 181
-124 182
-122 182
-120 182
-119 182
-118 182
-115 182
-113 182
-112 182
-111 181
-109 181
-107 181
-105 180
-102 179
-100 178
-97 178
-95 178
-93 178
-90 178
-89 178
-88 178
-85 178
-84 178
-82 178
-80 178
-77 178
-74 178
-72 178
-71 178
-70 178
-68 178
-66 178
-63 178
-61 178
-58 178
-54 178
-52 178
-49 178
-48 178
-47 178
-44 178
-41 178
-37 177
-35 177
-32 177
-30 177
-28 177
-27 176
-25 175
-23 173
-22 172
-21 170
-20 170
-19 168
-17 166
-14 162
-12 159
-11 158
-10 156
-9 154
-6 152
-4 149
-3 146
-1 144
-1 142
2 138
2 136
3 133
4 130
4 128
5 125
5 123
5 120
7 117
7 115
10 111
11 109
11 107
11 105
12 102
13 100
13 98
13 95
15 93
15 91
15 88
16 85
16 84
16 81
16 78
16 76
16 73
16 70
17 67
17 64
17 62
17 59
17 57
17 54
17 51
15 49
15 46
14 44
14 41
14 38
14 35
13 32
13 29
12 27
11 24
11 21
11 19
11 16
11 13
10 10
9 7
8 5
7 2
7 0
6 -2
6 -4
6 -5
3 -8
1 -9
1 -11
0 -12
-2 -12
-6 -15
-10 -16
-13 -17
-16 -19
-19 -20
-21 -20
-24 -22
-25 -22
-26 -22
-35 -25
-39 -26
-40 -26
-48 -28
-57 -29
-62 -29
-66 -29
-72 -30
-76 -31
-79 -31
-85 -31
-91 -32
-92 -32
-95 -33
-107 -33
-110 -34
-113 -34
-118 -34
-119 -34
-120 -34
-125 -34
-150 -37
-161 -37
-164 -37
-167 -37
-170 -37
-173 -37
-178 -37
-183 -37
-186 -36
-189 -36
-191 -35
-193 -35
-197 -35
-198 -35
-197 -35
-193 -38
-188 -38
-185 -38
-177 -38
-170 -37
-165 -35
-162 -35
-158 -34
-156 -33
-153 -32
-148 -30
-147 -30
-144 -30
-143 -30
-142 -30
-139 -30
-137 -31
-133 -33
-131 -34
-130 -35
-129 -35
-61 -33
-59 -37
-55 -42
-54 -44
-54 -45
-52 -48
-51 -51
-49 -53
-49 -56
-48 -59
-47 -61
-46 -63
-45 -66
-44 -69
-44 -71
-43 -73
-41 -75
-38 -79
-36 -82
-35 -86
-32 -90
-31 -93
-27 -98
-24 -101
-21 -108
-16 -115
-12 -120
-9 -126
-8 -127
-6 -131
-4 -136
-2 -140
-1 -144
2 -149
3 -149
5 -152
7 -157
9 -160
9 -169
8 -174
8 -176
10 -180
13 -182
16 -184
16 -185
19 -187
21 -187
25 -187
26 -187
27 -187
28 -187
29 -187
30 -186
