-50 -150 -200
0 -150 -200
50 -150 -200
-100 100 -200
-100 -100 -200
100 -100 -200
-150 -50 -200
-150 0 -200
-150 50 -200
150 -50 -200
150 0 -200
150 50 -200
-100 -100 -200
100 100 -200
-50 150 -200
0 150 -200
50 150 -200
-50 -150 -150
0 -150 -150
50 -150 -150
-100 100 -150
-100 -100 -150
100 -100 -150
-150 -50 -150
-150 0 -150
-150 50 -150
150 -50 -150
150 0 -150
150 50 -150
-100 -100 -150
100 100 -150
-50 150 -150
0 150 -150
50 150 -150
-50 -150 -100
0 -150 -100
50 -150 -100
-100 100 -100
-100 -100 -100
100 -100 -100
-150 -50 -100
-150 0 -100
-150 50 -100
150 -50 -100
150 0 -100
150 50 -100
-100 -100 -100
100 100 -100
-50 150 -100
0 150 -100
50 150 -100
-50 -150 -50
0 -150 -50
50 -150 -50
-100 100 -50
-100 -100 -50
100 -100 -50
-150 -50 -50
-150 0 -50
-150 50 -50
150 -50 -50
150 0 -50
150 50 -50
-100 -100 -50
100 100 -50
-50 150 -50
0 150 -50
50 150 -50
-50 -150 0
0 -150 0
50 -150 0
-100 100 0
-100 -100 0
100 -100 0
-150 -50 0
-150 0 0
-150 50 0
150 -50 0
150 0 0
150 50 0
-100 -100 0
100 100 0
-50 150 0
0 150 0
50 150 0
-50 -150 50
0 -150 50
50 -150 50
-100 100 50
-100 -100 50
100 -100 50
-150 -50 50
-150 0 50
-150 50 50
150 -50 50
150 0 50
150 50 50
-100 -100 50
100 100 50
-50 150 50
0 150 50
50 150 50
-50 -150 100
0 -150 100
50 -150 100
-100 100 100
-100 -100 100
100 -100 100
-150 -50 100
-150 0 100
-150 50 100
150 -50 100
150 0 100
150 50 100
-100 -100 100
100 100 100
-50 150 100
0 150 100
50 150 100
-50 -150 150
0 -150 150
50 -150 150
-100 100 150
-100 -100 150
100 -100 150
-150 -50 150
-150 0 150
-150 50 150
150 -50 150
150 0 150
150 50 150
-100 -100 150
100 100 150
-50 150 150
0 150 150
50 150 150
-50 -150 200
0 -150 200
50 -150 200
-100 100 200
-100 -100 200
100 -100 200
-150 -50 200
-150 0 200
-150 50 200
150 -50 200
150 0 200
150 50 200
-100 -100 200
100 100 200
-50 150 200
0 150 200
50 150 200
