-174 144
-174 143
-174 142
-174 141
-174 140
-174 139
-174 138
-174 137
-174 136
-174 135
-174 134
-174 133
-174 131
-174 130
-174 128
-174 126
-174 125
-174 124
-174 122
-174 120
-174 119
-174 117
-174 115
-174 114
-174 113
-174 112
-174 111
-174 110
-174 107
-174 106
-174 103
-174 100
-174 98
-174 95
-174 92
-174 89
-174 88
-174 86
-174 84
-174 82
-174 79
-174 76
-174 74
-174 72
-174 70
-174 69
-174 66
-174 63
-174 60
-174 58
-174 56
-174 54
-174 52
-174 49
-174 46
-174 43
-174 42
-174 39
-174 37
-174 35
-174 32
-174 29
-174 24
-174 21
-174 19
-174 16
-174 13
-174 10
-174 8
-174 5
-174 3
-174 1
-174 -2
-174 -5
-174 -8
-174 -10
-174 -13
-174 -16
-174 -21
-174 -24
-174 -26
-174 -30
-174 -31
-174 -33
-174 -36
-174 -38
-174 -41
-174 -44
-174 -49
-174 -52
-174 -57
-174 -62
-174 -69
-174 -75
-174 -77
-174 -83
-174 -86
-174 -88
-174 -91
-174 -94
-174 -96
-174 -99
-174 -102
-174 -105
-174 -107
-174 -110
-174 -113
-174 -115
-174 -117
-174 -121
-174 -122
-174 -123
-174 -125
-174 -127
-174 -128
-174 -130
-174 -131
-174 -133
-174 -134
-174 -136
-174 -137
-174 -138
-174 -139
-174 -140
-174 -142
-174 -145
-174 -146
-174 -147
-174 -149
-174 -150
-174 -151
-174 -152
-174 -153
-174 -154
-174 -155
-174 -158
-174 -159
-174 -160
-174 -161
-174 -162
-174 -163
-174 -164
-174 -165
-174 -167
-174 -169
-174 -170
-174 -172
-174 -173
-174 -175
-174 -176
-174 -178
-174 -180
-174 -181
-174 -182
-174 -183
-174 -184
-174 -186
-174 -190
-174 -191
-174 -192
-174 -193
-174 -195
-174 -196
-174 -197
-174 -198
-174 -199
-174 -197
-174 -192
-175 -189
-174 -189
-173 -189
-172 -189
-171 -189
-168 -189
-165 -189
-164 -189
-162 -189
-161 -189
-159 -189
-158 -189
-157 -189
-156 -189
-155 -189
-154 -189
-153 -189
-152 -189
-151 -189
-149 -189
-148 -189
-146 -189
-143 -189
-141 -189
-139 -189
-138 -189
-135 -189
-134 -189
-132 -189
-131 -189
-129 -189
-127 -189
-126 -189
-123 -189
-120 -189
-117 -189
-115 -189
-112 -189
-109 -189
-106 -189
-104 -189
-103 -189
-102 -189
-100 -189
-99 -189
-98 -189
-96 -189
-95 -189
-93 -189
-88 -189
-83 -189
-80 -189
-78 -189
-75 -189
-71 -189
-68 -189
-67 -189
-64 -189
-60 -189
-57 -189
-54 -189
-49 -189
-42 -189
-39 -189
-36 -189
-32 -189
-26 -189
-24 -189
-23 -189
-19 -189
-15 -189
-12 -189
-10 -189
-7 -189
-5 -189
-4 -189
-1 -189
3 -189
6 -189
7 -189
10 -189
13 -189
16 -189
18 -189
19 -189
20 -189
22 -189
24 -189
26 -189
29 -189
33 -189
34 -189
35 -189
36 -189
37 -189
39 -189
42 -189
43 -189
44 -189
45 -189
46 -189
48 -189
49 -189
51 -189
52 -189
53 -189
56 -189
58 -189
61 -189
64 -189
66 -189
67 -189
68 -189
69 -189
70 -189
72 -189
73 -189
75 -189
76 -189
77 -189
78 -189
80 -189
81 -189
83 -189
84 -189
85 -189
86 -189
87 -189
88 -189
89 -189
89 -188
89 -186
89 -185
89 -184
89 -182
89 -181
89 -180
89 -179
89 -178
89 -176
89 -174
89 -172
89 -167
89 -161
89 -157
89 -155
89 -152
89 -147
89 -143
89 -138
89 -135
89 -128
89 -124
89 -121
89 -118
89 -114
89 -111
89 -104
89 -95
89 -90
89 -83
89 -77
89 -71
89 -68
89 -63
89 -60
89 -57
89 -53
89 -49
89 -42
89 -37
89 -33
89 -28
89 -25
89 -23
89 -22
89 -19
89 -15
89 -12
89 -10
89 -8
89 -7
89 -6
89 -5
89 -4
89 -3
89 0
89 4
89 6
89 8
89 10
89 13
89 16
89 17
89 21
89 26
89 29
89 33
89 38
89 43
89 46
89 51
89 59
89 65
89 72
89 83
89 91
89 97
89 99
89 101
89 103
89 107
89 113
89 119
89 122
89 124
89 125
89 126
89 127
89 129
89 130
89 132
89 133
89 135
89 137
89 140
89 141
89 142
89 143
89 144
89 146
89 151
89 154
89 155
89 156
89 157
89 158
89 159
89 160
89 161
