-178 171
-177 171
-176 171
-175 171
-174 171
-173 171
-172 171
-171 171
-170 171
-168 171
-165 171
-164 171
-160 171
-159 171
-156 171
-154 171
-153 171
-151 171
-150 171
-149 171
-148 171
-147 171
-146 171
-145 171
-144 171
-143 171
-142 171
-141 171
-140 171
-139 171
-138 171
-136 171
-135 171
-133 171
-131 171
-130 171
-128 171
-126 171
-124 171
-123 171
-122 171
-121 171
-120 171
-119 171
-118 171
-117 171
-115 171
-114 171
-112 171
-110 171
-109 171
-107 171
-105 171
-104 171
-102 171
-101 171
-99 171
-97 171
-95 171
-94 171
-92 171
-91 171
-90 171
-89 171
-88 171
-87 171
-86 171
-85 171
-84 171
-83 171
-82 171
-81 171
-79 171
-78 171
-77 171
-75 171
-74 171
-72 171
-71 171
-70 171
-67 171
-65 171
-64 171
-63 171
-62 171
-61 171
-59 171
-58 171
-56 171
-55 171
-53 171
-50 171
-47 171
-45 171
-42 171
-40 171
-38 171
-36 171
-34 171
-33 171
-32 171
-30 171
-29 171
-27 171
-25 171
-23 171
-22 171
-20 171
-18 171
-17 171
-13 171
-12 171
-10 171
-9 171
-7 171
-5 171
-2 171
-1 171
0 171
1 171
2 171
3 171
5 171
6 171
7 171
8 171
10 171
11 171
12 171
14 171
17 171
19 171
20 171
22 171
25 171
27 171
29 171
31 171
32 171
33 171
36 171
38 171
39 171
41 171
43 171
47 171
48 171
50 171
52 171
55 171
56 171
57 171
59 171
61 171
62 171
63 171
64 171
65 171
66 171
67 171
68 171
70 171
71 171
73 171
74 171
76 171
77 171
79 171
82 171
83 171
84 171
85 171
86 171
87 171
88 171
90 171
91 171
92 171
93 171
94 171
95 171
96 171
97 171
98 171
100 171
101 171
102 171
103 171
104 171
105 171
106 171
107 171
109 171
110 171
111 171
112 171
113 171
115 171
116 171
119 171
121 171
124 171
125 171
128 171
129 171
131 171
132 171
133 171
134 171
135 171
136 171
138 171
139 171
141 171
142 171
143 171
144 171
145 171
146 171
147 171
148 171
-184 -177
-183 -177
-182 -177
-181 -177
-180 -177
-178 -177
-176 -177
-173 -177
-165 -177
-160 -177
-152 -177
-144 -177
-139 -177
-133 -177
-128 -177
-122 -177
-117 -177
-114 -177
-110 -177
-106 -177
-104 -177
-102 -177
-100 -177
-98 -177
-97 -177
-95 -177
-92 -177
-89 -177
-86 -177
-85 -177
-82 -177
-78 -177
-75 -177
-72 -177
-68 -177
-64 -177
-61 -177
-60 -177
-55 -177
-52 -177
-49 -177
-43 -177
-38 -177
-34 -177
-30 -177
-27 -177
-22 -177
-19 -177
-17 -177
-7 -177
-2 -177
1 -177
4 -177
7 -177
11 -177
15 -177
18 -177
22 -177
27 -177
32 -177
36 -177
40 -177
42 -177
45 -177
47 -177
50 -177
58 -177
63 -177
67 -177
73 -177
76 -177
78 -177
81 -177
82 -177
83 -177
84 -177
85 -177
86 -177
89 -177
92 -177
97 -177
103 -177
108 -177
110 -177
113 -177
117 -177
120 -177
121 -177
124 -177
126 -177
127 -177
129 -177
133 -177
136 -177
138 -177
139 -177
141 -177
142 -177
143 -177
145 -177
146 -177
148 -177
149 -177
150 -177
151 -177
154 -177
155 -177
156 -177
158 -177
159 -177
160 -177
161 -177
162 -177
163 -177
164 -177
165 -177
166 -177
167 -177
168 -177
169 -177
176 -177
180 -177
183 -177
184 -177
185 -177
149 169
147 169
143 164
140 161
139 159
137 157
134 154
131 151
129 149
126 146
123 143
120 140
116 136
114 134
111 131
108 128
106 126
105 126
105 125
99 120
86 110
82 107
79 104
75 101
71 98
69 95
65 91
62 87
61 84
59 83
56 80
53 77
49 74
48 71
44 67
41 64
39 61
36 57
34 56
34 55
33 55
30 53
24 47
21 44
19 41
16 38
13 35
12 34
1 26
-6 22
-7 20
-8 20
-9 20
-16 14
-19 9
-22 6
-25 3
-27 1
-30 -3
-36 -9
-38 -11
-38 -12
-38 -14
-49 -23
-55 -27
-60 -29
-65 -34
-66 -34
-83 -47
-87 -50
-88 -50
-88 -51
-88 -52
-95 -59
-101 -67
-101 -69
-103 -73
-105 -76
-105 -83
-107 -83
-110 -86
-113 -90
-116 -93
-120 -97
-124 -100
-126 -102
-128 -105
-131 -109
-134 -112
-136 -114
-140 -117
-144 -120
-147 -123
-155 -129
-162 -133
-165 -134
-168 -136
-172 -140
-174 -142
-174 -143
-177 -148
-180 -152
-181 -155
-185 -159
-186 -163
-188 -167
-188 -169
-188 -170
-191 -174
-191 -175
-192 -177
-192 -179
-78 -43
-50 -19
-76 -40
94 115
-19 9
