-181 178
-181 176
-181 175
-181 174
-181 173
-181 172
-181 170
-181 169
-181 167
-181 164
-181 162
-181 159
-181 154
-181 148
-181 146
-181 141
-181 135
-181 130
-181 127
-181 125
-181 123
-181 120
-181 119
-181 116
-181 111
-181 108
-181 105
-181 102
-181 97
-181 95
-181 94
-181 91
-181 89
-181 88
-181 86
-181 85
-181 84
-181 82
-181 81
-181 79
-181 77
-181 76
-181 74
-181 73
-181 71
-181 69
-181 64
-181 61
-181 59
-181 58
-181 56
-181 54
-181 51
-181 49
-181 47
-181 44
-181 41
-181 39
-181 36
-181 33
-181 30
-181 28
-181 23
-181 17
-181 12
-181 7
-181 1
-181 -1
-181 -4
-181 -7
-181 -8
-181 -9
-181 -10
-182 -4
-182 -6
-182 -9
-182 -11
-182 -14
-182 -17
-182 -20
-182 -21
-182 -23
-182 -25
-182 -26
-182 -29
-182 -34
-182 -37
-182 -42
-182 -45
-182 -50
-182 -53
-182 -56
-182 -57
-182 -59
-182 -62
-182 -64
-182 -66
-182 -68
-182 -69
-182 -71
-182 -74
-182 -76
-182 -82
-182 -83
-182 -86
-182 -89
-182 -92
-182 -94
-182 -96
-182 -98
-182 -102
-182 -105
-182 -106
-182 -108
-182 -111
-182 -114
-182 -116
-182 -122
-182 -124
-182 -127
-182 -130
-182 -133
-182 -137
-182 -138
-182 -139
-182 -141
-182 -144
-182 -146
-182 -147
-182 -149
-182 -151
-182 -153
-182 -154
-182 -155
-182 -157
-182 -158
-182 -159
-182 -160
-182 -161
-182 -162
-182 -163
-182 -164
-182 -165
-182 -167
-182 -169
-182 -170
-182 -173
-182 -175
-182 -177
-182 -179
-182 -180
-182 -181
-183 -179
-177 176
-176 176
-175 176
-174 176
-171 176
-166 176
-164 176
-163 176
-162 176
-159 176
-154 176
-153 176
-151 176
-150 176
-146 176
-142 176
-139 176
-137 177
-133 178
-131 178
-129 178
-127 178
-125 178
-123 179
-120 179
-116 179
-115 178
-113 178
-112 178
-108 178
-105 177
-104 177
-101 177
-100 177
-96 175
-94 174
-92 173
-89 173
-86 170
-84 170
-82 170
-80 169
-77 168
-74 168
-73 168
-70 167
-65 167
-62 167
-60 166
-58 166
-56 166
-53 165
-49 164
-46 164
-44 164
-42 164
-39 164
-35 164
-34 164
-33 164
-32 164
-31 164
-29 164
-27 164
-25 164
-23 164
-21 164
-19 164
-17 162
-13 161
-10 160
-8 158
-6 158
-2 157
0 155
2 154
4 152
8 150
12 148
15 145
17 143
17 142
18 142
21 138
24 133
26 130
28 127
31 123
33 120
34 117
35 115
38 108
40 101
43 94
45 91
46 87
48 82
50 77
50 74
51 72
53 70
54 66
54 64
54 62
54 58
54 54
54 52
54 48
52 45
51 42
50 40
48 37
47 35
45 33
43 31
41 29
39 26
37 24
35 22
32 20
29 17
28 15
26 13
23 11
21 8
20 5
17 2
14 0
14 -1
13 -3
-2 -6
-6 -8
-7 -8
-8 -8
-18 -12
-44 -18
-52 -19
-57 -20
-59 -20
-65 -20
-72 -21
-73 -21
-76 -21
-87 -23
-90 -23
-91 -23
-92 -23
-96 -23
-113 -26
-121 -29
-124 -30
-129 -31
-136 -34
-138 -34
-140 -34
-150 -36
-154 -36
-155 -36
-162 -36
-165 -36
-167 -35
-172 -34
-173 -34
-174 -34
-175 -34
-175 -32
-5 -10
-2 -11
0 -14
6 -17
8 -20
10 -22
14 -25
16 -27
19 -31
26 -37
31 -44
33 -45
36 -49
40 -54
42 -57
43 -61
47 -73
50 -81
51 -86
54 -93
56 -99
56 -105
56 -107
56 -111
56 -117
53 -123
53 -126
52 -130
49 -135
49 -137
48 -140
45 -144
42 -150
39 -156
35 -159
34 -162
33 -164
32 -164
31 -164
26 -167
16 -170
15 -170
14 -170
12 -170
10 -170
9 -170
-21 -175
-36 -177
-37 -177
-38 -177
-39 -177
-50 -179
-70 -183
-78 -184
-79 -184
-87 -187
-94 -190
-95 -191
-96 -191
-99 -192
-103 -194
-112 -194
-116 -194
-117 -194
-128 -194
-136 -193
-139 -193
-142 -193
-152 -190
-163 -187
-166 -186
-167 -186
-167 -185
-169 -185
-174 -185
-176 -185
-177 -185
-174 -183
-7 -170
-59 -180
-34 -20
-102 -23
-23 -17
-27 -181
-11 -173
0 -171
