-200 -200 -200
-200 -195 -200
-200 -190 -200
-200 -185 -200
-200 -180 -200
-200 -175 -200
-200 -170 -200
-200 -165 -200
-200 -160 -200
-200 -155 -200
-200 -150 -200
-200 -145 -200
-200 -140 -200
-200 -135 -200
-200 -130 -200
-200 -125 -200
-200 -120 -200
-200 -115 -200
-200 -110 -200
-200 -105 -200
-200 -100 -200
-200 -95 -200
-200 -90 -200
-200 -85 -200
-200 -80 -200
-200 -75 -200
-200 -70 -200
-200 -65 -200
-200 -60 -200
-200 -55 -200
-200 -50 -200
-200 -45 -200
-200 -40 -200
-200 -35 -200
-200 -30 -200
-200 -25 -200
-200 -20 -200
-200 -15 -200
-200 -10 -200
-200 -5 -200
-200 0 -200
-200 5 -200
-200 10 -200
-200 15 -200
-200 20 -200
-200 25 -200
-200 30 -200
-200 35 -200
-200 40 -200
-200 45 -200
-200 50 -200
-200 55 -200
-200 60 -200
-200 65 -200
-200 70 -200
-200 75 -200
-200 80 -200
-200 85 -200
-200 90 -200
-200 95 -200
-200 100 -200
-200 105 -200
-200 110 -200
-200 115 -200
-200 120 -200
-200 125 -200
-200 130 -200
-200 135 -200
-200 140 -200
-200 145 -200
-200 150 -200
-200 155 -200
-200 160 -200
-200 165 -200
-200 170 -200
-200 175 -200
-200 180 -200
-200 185 -200
-200 190 -200
-200 195 -200
-200 200 -200
-200 -200 -200
-200 -200 -195
-200 -200 -190
-200 -200 -185
-200 -200 -180
-200 -200 -175
-200 -200 -170
-200 -200 -165
-200 -200 -160
-200 -200 -155
-200 -200 -150
-200 -200 -145
-200 -200 -140
-200 -200 -135
-200 -200 -130
-200 -200 -125
-200 -200 -120
-200 -200 -115
-200 -200 -110
-200 -200 -105
-200 -200 -100
-200 -200 -95
-200 -200 -90
-200 -200 -85
-200 -200 -80
-200 -200 -75
-200 -200 -70
-200 -200 -65
-200 -200 -60
-200 -200 -55
-200 -200 -50
-200 -200 -45
-200 -200 -40
-200 -200 -35
-200 -200 -30
-200 -200 -25
-200 -200 -20
-200 -200 -15
-200 -200 -10
-200 -200 -5
-200 -200 0
-200 -200 5
-200 -200 10
-200 -200 15
-200 -200 20
-200 -200 25
-200 -200 30
-200 -200 35
-200 -200 40
-200 -200 45
-200 -200 50
-200 -200 55
-200 -200 60
-200 -200 65
-200 -200 70
-200 -200 75
-200 -200 80
-200 -200 85
-200 -200 90
-200 -200 95
-200 -200 100
-200 -200 105
-200 -200 110
-200 -200 115
-200 -200 120
-200 -200 125
-200 -200 130
-200 -200 135
-200 -200 140
-200 -200 145
-200 -200 150
-200 -200 155
-200 -200 160
-200 -200 165
-200 -200 170
-200 -200 175
-200 -200 180
-200 -200 185
-200 -200 190
-200 -200 195
-200 -200 200
-200 -200 -200
-195 -200 -200
-190 -200 -200
-185 -200 -200
-180 -200 -200
-175 -200 -200
-170 -200 -200
-165 -200 -200
-160 -200 -200
-155 -200 -200
-150 -200 -200
-145 -200 -200
-140 -200 -200
-135 -200 -200
-130 -200 -200
-125 -200 -200
-120 -200 -200
-115 -200 -200
-110 -200 -200
-105 -200 -200
-100 -200 -200
-95 -200 -200
-90 -200 -200
-85 -200 -200
-80 -200 -200
-75 -200 -200
-70 -200 -200
-65 -200 -200
-60 -200 -200
-55 -200 -200
-50 -200 -200
-45 -200 -200
-40 -200 -200
-35 -200 -200
-30 -200 -200
-25 -200 -200
-20 -200 -200
-15 -200 -200
-10 -200 -200
-5 -200 -200
0 -200 -200
5 -200 -200
10 -200 -200
15 -200 -200
20 -200 -200
25 -200 -200
30 -200 -200
35 -200 -200
40 -200 -200
45 -200 -200
50 -200 -200
55 -200 -200
60 -200 -200
65 -200 -200
70 -200 -200
75 -200 -200
80 -200 -200
85 -200 -200
90 -200 -200
95 -200 -200
100 -200 -200
105 -200 -200
110 -200 -200
115 -200 -200
120 -200 -200
125 -200 -200
130 -200 -200
135 -200 -200
140 -200 -200
145 -200 -200
150 -200 -200
155 -200 -200
160 -200 -200
165 -200 -200
170 -200 -200
175 -200 -200
180 -200 -200
185 -200 -200
190 -200 -200
195 -200 -200
200 -200 -200
-200 -200 200
-200 -195 200
-200 -190 200
-200 -185 200
-200 -180 200
-200 -175 200
-200 -170 200
-200 -165 200
-200 -160 200
-200 -155 200
-200 -150 200
-200 -145 200
-200 -140 200
-200 -135 200
-200 -130 200
-200 -125 200
-200 -120 200
-200 -115 200
-200 -110 200
-200 -105 200
-200 -100 200
-200 -95 200
-200 -90 200
-200 -85 200
-200 -80 200
-200 -75 200
-200 -70 200
-200 -65 200
-200 -60 200
-200 -55 200
-200 -50 200
-200 -45 200
-200 -40 200
-200 -35 200
-200 -30 200
-200 -25 200
-200 -20 200
-200 -15 200
-200 -10 200
-200 -5 200
-200 0 200
-200 5 200
-200 10 200
-200 15 200
-200 20 200
-200 25 200
-200 30 200
-200 35 200
-200 40 200
-200 45 200
-200 50 200
-200 55 200
-200 60 200
-200 65 200
-200 70 200
-200 75 200
-200 80 200
-200 85 200
-200 90 200
-200 95 200
-200 100 200
-200 105 200
-200 110 200
-200 115 200
-200 120 200
-200 125 200
-200 130 200
-200 135 200
-200 140 200
-200 145 200
-200 150 200
-200 155 200
-200 160 200
-200 165 200
-200 170 200
-200 175 200
-200 180 200
-200 185 200
-200 190 200
-200 195 200
-200 200 200
-200 200 -200
-200 200 -195
-200 200 -190
-200 200 -185
-200 200 -180
-200 200 -175
-200 200 -170
-200 200 -165
-200 200 -160
-200 200 -155
-200 200 -150
-200 200 -145
-200 200 -140
-200 200 -135
-200 200 -130
-200 200 -125
-200 200 -120
-200 200 -115
-200 200 -110
-200 200 -105
-200 200 -100
-200 200 -95
-200 200 -90
-200 200 -85
-200 200 -80
-200 200 -75
-200 200 -70
-200 200 -65
-200 200 -60
-200 200 -55
-200 200 -50
-200 200 -45
-200 200 -40
-200 200 -35
-200 200 -30
-200 200 -25
-200 200 -20
-200 200 -15
-200 200 -10
-200 200 -5
-200 200 0
-200 200 5
-200 200 10
-200 200 15
-200 200 20
-200 200 25
-200 200 30
-200 200 35
-200 200 40
-200 200 45
-200 200 50
-200 200 55
-200 200 60
-200 200 65
-200 200 70
-200 200 75
-200 200 80
-200 200 85
-200 200 90
-200 200 95
-200 200 100
-200 200 105
-200 200 110
-200 200 115
-200 200 120
-200 200 125
-200 200 130
-200 200 135
-200 200 140
-200 200 145
-200 200 150
-200 200 155
-200 200 160
-200 200 165
-200 200 170
-200 200 175
-200 200 180
-200 200 185
-200 200 190
-200 200 195
-200 200 200
-200 200 200
-195 200 200
-190 200 200
-185 200 200
-180 200 200
-175 200 200
-170 200 200
-165 200 200
-160 200 200
-155 200 200
-150 200 200
-145 200 200
-140 200 200
-135 200 200
-130 200 200
-125 200 200
-120 200 200
-115 200 200
-110 200 200
-105 200 200
-100 200 200
-95 200 200
-90 200 200
-85 200 200
-80 200 200
-75 200 200
-70 200 200
-65 200 200
-60 200 200
-55 200 200
-50 200 200
-45 200 200
-40 200 200
-35 200 200
-30 200 200
-25 200 200
-20 200 200
-15 200 200
-10 200 200
-5 200 200
0 200 200
5 200 200
10 200 200
15 200 200
20 200 200
25 200 200
30 200 200
35 200 200
40 200 200
45 200 200
50 200 200
55 200 200
60 200 200
65 200 200
70 200 200
75 200 200
80 200 200
85 200 200
90 200 200
95 200 200
100 200 200
105 200 200
110 200 200
115 200 200
120 200 200
125 200 200
130 200 200
135 200 200
140 200 200
145 200 200
150 200 200
155 200 200
160 200 200
165 200 200
170 200 200
175 200 200
180 200 200
185 200 200
190 200 200
195 200 200
200 200 200
200 -200 -200
200 -195 -200
200 -190 -200
200 -185 -200
200 -180 -200
200 -175 -200
200 -170 -200
200 -165 -200
200 -160 -200
200 -155 -200
200 -150 -200
200 -145 -200
200 -140 -200
200 -135 -200
200 -130 -200
200 -125 -200
200 -120 -200
200 -115 -200
200 -110 -200
200 -105 -200
200 -100 -200
200 -95 -200
200 -90 -200
200 -85 -200
200 -80 -200
200 -75 -200
200 -70 -200
200 -65 -200
200 -60 -200
200 -55 -200
200 -50 -200
200 -45 -200
200 -40 -200
200 -35 -200
200 -30 -200
200 -25 -200
200 -20 -200
200 -15 -200
200 -10 -200
200 -5 -200
200 0 -200
200 5 -200
200 10 -200
200 15 -200
200 20 -200
200 25 -200
200 30 -200
200 35 -200
200 40 -200
200 45 -200
200 50 -200
200 55 -200
200 60 -200
200 65 -200
200 70 -200
200 75 -200
200 80 -200
200 85 -200
200 90 -200
200 95 -200
200 100 -200
200 105 -200
200 110 -200
200 115 -200
200 120 -200
200 125 -200
200 130 -200
200 135 -200
200 140 -200
200 145 -200
200 150 -200
200 155 -200
200 160 -200
200 165 -200
200 170 -200
200 175 -200
200 180 -200
200 185 -200
200 190 -200
200 195 -200
200 200 -200
200 200 -200
200 200 -195
200 200 -190
200 200 -185
200 200 -180
200 200 -175
200 200 -170
200 200 -165
200 200 -160
200 200 -155
200 200 -150
200 200 -145
200 200 -140
200 200 -135
200 200 -130
200 200 -125
200 200 -120
200 200 -115
200 200 -110
200 200 -105
200 200 -100
200 200 -95
200 200 -90
200 200 -85
200 200 -80
200 200 -75
200 200 -70
200 200 -65
200 200 -60
200 200 -55
200 200 -50
200 200 -45
200 200 -40
200 200 -35
200 200 -30
200 200 -25
200 200 -20
200 200 -15
200 200 -10
200 200 -5
200 200 0
200 200 5
200 200 10
200 200 15
200 200 20
200 200 25
200 200 30
200 200 35
200 200 40
200 200 45
200 200 50
200 200 55
200 200 60
200 200 65
200 200 70
200 200 75
200 200 80
200 200 85
200 200 90
200 200 95
200 200 100
200 200 105
200 200 110
200 200 115
200 200 120
200 200 125
200 200 130
200 200 135
200 200 140
200 200 145
200 200 150
200 200 155
200 200 160
200 200 165
200 200 170
200 200 175
200 200 180
200 200 185
200 200 190
200 200 195
200 200 200
-200 200 -200
-195 200 -200
-190 200 -200
-185 200 -200
-180 200 -200
-175 200 -200
-170 200 -200
-165 200 -200
-160 200 -200
-155 200 -200
-150 200 -200
-145 200 -200
-140 200 -200
-135 200 -200
-130 200 -200
-125 200 -200
-120 200 -200
-115 200 -200
-110 200 -200
-105 200 -200
-100 200 -200
-95 200 -200
-90 200 -200
-85 200 -200
-80 200 -200
-75 200 -200
-70 200 -200
-65 200 -200
-60 200 -200
-55 200 -200
-50 200 -200
-45 200 -200
-40 200 -200
-35 200 -200
-30 200 -200
-25 200 -200
-20 200 -200
-15 200 -200
-10 200 -200
-5 200 -200
0 200 -200
5 200 -200
10 200 -200
15 200 -200
20 200 -200
25 200 -200
30 200 -200
35 200 -200
40 200 -200
45 200 -200
50 200 -200
55 200 -200
60 200 -200
65 200 -200
70 200 -200
75 200 -200
80 200 -200
85 200 -200
90 200 -200
95 200 -200
100 200 -200
105 200 -200
110 200 -200
115 200 -200
120 200 -200
125 200 -200
130 200 -200
135 200 -200
140 200 -200
145 200 -200
150 200 -200
155 200 -200
160 200 -200
165 200 -200
170 200 -200
175 200 -200
180 200 -200
185 200 -200
190 200 -200
195 200 -200
200 200 -200
200 -200 200
200 -195 200
200 -190 200
200 -185 200
200 -180 200
200 -175 200
200 -170 200
200 -165 200
200 -160 200
200 -155 200
200 -150 200
200 -145 200
200 -140 200
200 -135 200
200 -130 200
200 -125 200
200 -120 200
200 -115 200
200 -110 200
200 -105 200
200 -100 200
200 -95 200
200 -90 200
200 -85 200
200 -80 200
200 -75 200
200 -70 200
200 -65 200
200 -60 200
200 -55 200
200 -50 200
200 -45 200
200 -40 200
200 -35 200
200 -30 200
200 -25 200
200 -20 200
200 -15 200
200 -10 200
200 -5 200
200 0 200
200 5 200
200 10 200
200 15 200
200 20 200
200 25 200
200 30 200
200 35 200
200 40 200
200 45 200
200 50 200
200 55 200
200 60 200
200 65 200
200 70 200
200 75 200
200 80 200
200 85 200
200 90 200
200 95 200
200 100 200
200 105 200
200 110 200
200 115 200
200 120 200
200 125 200
200 130 200
200 135 200
200 140 200
200 145 200
200 150 200
200 155 200
200 160 200
200 165 200
200 170 200
200 175 200
200 180 200
200 185 200
200 190 200
200 195 200
200 200 200
200 -200 -200
200 -200 -195
200 -200 -190
200 -200 -185
200 -200 -180
200 -200 -175
200 -200 -170
200 -200 -165
200 -200 -160
200 -200 -155
200 -200 -150
200 -200 -145
200 -200 -140
200 -200 -135
200 -200 -130
200 -200 -125
200 -200 -120
200 -200 -115
200 -200 -110
200 -200 -105
200 -200 -100
200 -200 -95
200 -200 -90
200 -200 -85
200 -200 -80
200 -200 -75
200 -200 -70
200 -200 -65
200 -200 -60
200 -200 -55
200 -200 -50
200 -200 -45
200 -200 -40
200 -200 -35
200 -200 -30
200 -200 -25
200 -200 -20
200 -200 -15
200 -200 -10
200 -200 -5
200 -200 0
200 -200 5
200 -200 10
200 -200 15
200 -200 20
200 -200 25
200 -200 30
200 -200 35
200 -200 40
200 -200 45
200 -200 50
200 -200 55
200 -200 60
200 -200 65
200 -200 70
200 -200 75
200 -200 80
200 -200 85
200 -200 90
200 -200 95
200 -200 100
200 -200 105
200 -200 110
200 -200 115
200 -200 120
200 -200 125
200 -200 130
200 -200 135
200 -200 140
200 -200 145
200 -200 150
200 -200 155
200 -200 160
200 -200 165
200 -200 170
200 -200 175
200 -200 180
200 -200 185
200 -200 190
200 -200 195
200 -200 200
-200 -200 200
-195 -200 200
-190 -200 200
-185 -200 200
-180 -200 200
-175 -200 200
-170 -200 200
-165 -200 200
-160 -200 200
-155 -200 200
-150 -200 200
-145 -200 200
-140 -200 200
-135 -200 200
-130 -200 200
-125 -200 200
-120 -200 200
-115 -200 200
-110 -200 200
-105 -200 200
-100 -200 200
-95 -200 200
-90 -200 200
-85 -200 200
-80 -200 200
-75 -200 200
-70 -200 200
-65 -200 200
-60 -200 200
-55 -200 200
-50 -200 200
-45 -200 200
-40 -200 200
-35 -200 200
-30 -200 200
-25 -200 200
-20 -200 200
-15 -200 200
-10 -200 200
-5 -200 200
0 -200 200
5 -200 200
10 -200 200
15 -200 200
20 -200 200
25 -200 200
30 -200 200
35 -200 200
40 -200 200
45 -200 200
50 -200 200
55 -200 200
60 -200 200
65 -200 200
70 -200 200
75 -200 200
80 -200 200
85 -200 200
90 -200 200
95 -200 200
100 -200 200
105 -200 200
110 -200 200
115 -200 200
120 -200 200
125 -200 200
130 -200 200
135 -200 200
140 -200 200
145 -200 200
150 -200 200
155 -200 200
160 -200 200
165 -200 200
170 -200 200
175 -200 200
180 -200 200
185 -200 200
190 -200 200
195 -200 200
200 -200 200
