113 178
114 177
114 176
113 176
112 176
111 176
108 176
106 176
103 176
100 176
99 176
98 176
97 176
96 176
95 176
94 176
93 176
92 176
91 176
90 176
88 176
85 176
84 176
81 176
79 176
78 176
77 176
76 176
75 176
74 176
73 176
72 176
69 176
66 176
63 176
61 176
58 176
56 176
55 176
53 176
51 176
50 176
48 176
47 176
46 176
44 176
43 176
42 176
41 176
40 176
39 176
36 176
31 176
26 176
23 176
20 176
18 176
15 176
12 176
9 176
7 176
4 176
2 176
1 176
0 176
-1 176
-4 176
-7 176
-9 176
-12 176
-14 176
-15 176
-16 176
-17 176
-18 176
-20 176
-21 176
-23 176
-26 176
-31 176
-34 176
-35 176
-38 176
-39 176
-40 176
-41 176
-43 176
-45 176
-48 176
-50 176
-52 176
-54 176
-56 176
-60 176
-63 176
-65 176
-66 176
-68 176
-69 176
-72 176
-78 176
-80 176
-83 176
-86 176
-89 176
-91 176
-93 176
-98 176
-101 176
-103 176
-104 176
-105 176
-106 176
-108 176
-111 176
-113 176
-114 176
-115 176
-116 176
-117 176
-118 176
-119 176
-120 176
-118 176
-119 176
-119 175
-121 175
-122 175
-124 175
-125 175
-126 175
-127 175
-132 175
-134 175
-140 175
-142 175
-146 175
-147 175
-148 175
-149 175
-150 175
-151 175
-150 175
-150 174
-150 173
-150 172
-150 171
-150 169
-150 167
-150 165
-150 162
-150 159
-150 156
-150 152
-150 150
-150 147
-150 145
-150 144
-150 140
-150 137
-150 133
-150 127
-150 123
-150 117
-150 110
-150 104
-150 99
-150 93
-150 89
-150 85
-150 81
-150 76
-150 71
-150 66
-150 60
-150 56
-150 50
-150 45
-150 42
-150 40
-150 39
-150 37
-150 33
-150 29
-150 28
-150 26
-150 22
-150 19
-150 15
-150 12
-150 10
-150 7
-150 5
-150 2
-150 0
-150 -2
-150 -4
-150 -6
-150 -10
-150 -13
-150 -16
-150 -19
-150 -20
-150 -21
-150 -19
-150 -18
-154 -14
-154 -17
-154 -22
-154 -23
-154 -25
-154 -29
-154 -30
-154 -31
-154 -33
-154 -34
-154 -37
-154 -38
-154 -39
-154 -40
-154 -41
-154 -42
-154 -43
-154 -45
-154 -47
-154 -49
-154 -50
-154 -53
-154 -56
-154 -60
-154 -61
-154 -62
-154 -63
-154 -64
-154 -66
-154 -67
-154 -69
-154 -70
-154 -71
-154 -72
-154 -74
-154 -76
-154 -80
-154 -82
-154 -85
-154 -86
-154 -88
-154 -90
-154 -91
-154 -93
-154 -95
-154 -96
-154 -97
-154 -99
-154 -102
-154 -105
-154 -106
-154 -107
-154 -108
-154 -109
-154 -110
-154 -112
-154 -114
-154 -116
-154 -119
-154 -122
-154 -125
-154 -130
-154 -131
-154 -132
-154 -134
-154 -135
-154 -137
-154 -139
-154 -140
-154 -142
-154 -143
-154 -144
-154 -145
-154 -146
-154 -148
-154 -151
-154 -152
-154 -153
-154 -154
-154 -155
-154 -156
-154 -157
-154 -158
-154 -159
-154 -155
-152 -155
-147 -155
-141 -155
-135 -155
-129 -155
-124 -155
-123 -155
-122 -155
-120 -155
-117 -155
-115 -155
-114 -155
-112 -155
-111 -155
-109 -155
-107 -155
-106 -155
-103 -155
-101 -155
-98 -155
-93 -155
-86 -155
-80 -155
-77 -155
-71 -155
-63 -155
-52 -155
-44 -155
-36 -155
-30 -155
-25 -155
-18 -155
-14 -155
-11 -155
-7 -155
-1 -155
1 -155
6 -155
11 -155
16 -155
21 -155
25 -155
26 -155
27 -155
28 -155
29 -155
30 -155
31 -155
34 -155
41 -155
47 -155
48 -155
49 -155
50 -155
52 -155
57 -155
63 -155
64 -155
68 -155
71 -155
72 -155
73 -155
74 -155
75 -155
79 -155
82 -155
87 -155
89 -155
91 -155
92 -155
93 -155
95 -155
97 -155
98 -155
99 -155
100 -155
101 -155
102 -155
103 -155
104 -155
105 -155
106 -155
107 -155
108 -155
111 -155
113 -155
114 -155
115 -155
116 -155
117 -155
119 -155
123 -155
125 -155
126 -155
127 -155
128 -155
128 -154
129 -154
129 -153
129 -151
129 -147
129 -140
129 -136
129 -134
129 -128
129 -125
129 -123
129 -122
129 -120
129 -117
129 -112
129 -106
129 -101
129 -93
129 -89
129 -87
129 -83
129 -77
129 -71
129 -61
129 -57
129 -55
129 -54
129 -52
129 -47
129 -42
129 -37
129 -34
129 -31
129 -30
129 -28
129 -24
129 -23
129 -21
129 -19
129 -13
129 -12
129 -7
129 -6
129 -5
129 -3
129 -2
129 0
129 2
129 3
129 4
129 5
129 7
129 11
129 13
129 15
129 17
129 18
129 19
129 21
129 22
128 21
128 20
129 18
129 17
128 16
126 15
124 15
123 15
122 15
121 15
120 15
119 15
115 15
112 15
110 15
109 15
106 15
100 15
98 15
94 15
86 15
84 15
79 15
68 15
62 15
61 15
60 15
51 15
37 15
34 15
33 15
31 15
24 15
18 15
17 15
16 15
15 15
14 15
13 15
12 15
11 15
5 15
-7 15
-9 15
-10 15
-10 16
-12 16
-13 16
-14 16
-15 16
-16 16
-17 17
-19 17
-20 17
-18 17
-17 17
-15 17
-14 17
-13 17
-15 17
-20 17
-22 17
-23 17
-24 17
-25 17
-26 17
-27 17
-28 17
-30 17
-31 17
-32 17
-33 17
-34 17
-35 17
-36 17
-37 17
-37 16
-35 16
-34 16
-35 16
-34 16
-33 16
-32 16
45 13
120 175
