-152 144
-152 143
-152 142
-152 141
-152 140
-152 139
-152 138
-152 137
-152 136
-152 135
-152 134
-152 133
-152 132
-152 131
-152 129
-152 127
-152 126
-152 124
-152 123
-152 122
-152 121
-152 119
-152 118
-152 115
-152 112
-152 110
-152 107
-152 105
-152 104
-152 101
-152 98
-152 95
-152 93
-152 90
-152 87
-152 79
-152 77
-152 72
-152 66
-152 61
-152 56
-152 53
-152 50
-152 45
-152 40
-152 35
-152 29
-152 24
-152 19
-152 13
-152 7
-152 1
-152 -4
-152 -9
-152 -15
-152 -22
-152 -30
-152 -37
-152 -44
-152 -49
-152 -55
-152 -60
-152 -63
-152 -65
-152 -68
-152 -71
-152 -76
-152 -79
-152 -81
-152 -84
-152 -87
-152 -90
-152 -92
-152 -94
-152 -96
-152 -97
-152 -99
-152 -100
-152 -102
-152 -103
-152 -104
-152 -105
-152 -106
-152 -107
-152 -109
-152 -112
-152 -113
-152 -116
-152 -119
-152 -121
-152 -123
-152 -127
-152 -129
-152 -131
-152 -134
-152 -138
-152 -140
-152 -141
-152 -142
-152 -143
-152 -144
-152 -145
-152 -146
-152 -147
-152 -148
-152 -150
-152 -153
-152 -155
-152 -156
-152 -157
-152 -158
-152 -161
-152 -163
-152 -164
-152 -165
-152 -166
-152 -167
-152 -168
-152 -169
-152 -170
-152 -171
-152 -172
-152 -173
-152 -174
-152 -175
-153 -175
-158 -175
-157 -175
-157 -176
-156 -176
-155 -176
-154 -176
-153 -176
-152 -176
-151 -176
-149 -176
-147 -176
-146 -176
-145 -176
-144 -176
-143 -176
-142 -176
-141 -176
-139 -176
-138 -176
-137 -176
-135 -176
-133 -176
-132 -176
-130 -176
-127 -176
-124 -176
-121 -176
-120 -176
-119 -176
-118 -176
-116 -176
-115 -176
-113 -176
-111 -176
-109 -176
-105 -176
-100 -176
-95 -176
-91 -176
-89 -176
-87 -176
-85 -176
-83 -176
-82 -176
-81 -176
-80 -176
-79 -176
-78 -176
-77 -176
-76 -176
-74 -176
-73 -176
-70 -176
-66 -176
-62 -176
-61 -176
-59 -176
-55 -176
-53 -176
-52 -176
-51 -176
-46 -176
-43 -176
-40 -176
-36 -176
-33 -176
-30 -176
-26 -176
-24 -176
-22 -176
-19 -176
-15 -176
-14 -176
-13 -176
-12 -176
-10 -176
-9 -176
-7 -176
-6 -176
-5 -176
-3 -176
-2 -176
0 -176
2 -176
3 -176
4 -176
7 -176
11 -176
13 -176
14 -176
16 -176
21 -176
24 -176
27 -176
29 -176
32 -176
35 -176
38 -176
41 -176
43 -176
44 -176
45 -176
47 -176
49 -176
50 -176
51 -176
52 -176
53 -176
54 -176
56 -176
57 -176
59 -176
61 -176
64 -176
68 -176
69 -176
72 -176
75 -176
76 -176
77 -176
78 -176
79 -176
80 -176
81 -176
82 -176
83 -176
85 -176
86 -176
88 -176
89 -176
90 -176
91 -176
92 -176
92 -175
