-190 134
-190 133
-190 132
-190 131
-190 130
-190 129
-190 128
-190 127
-190 126
-190 125
-190 124
-190 122
-190 121
-190 119
-190 117
-190 116
-190 114
-190 113
-190 112
-190 110
-190 109
-190 108
-190 106
-190 104
-190 102
-190 101
-190 98
-190 95
-190 94
-190 92
-190 91
-190 90
-190 89
-190 88
-190 87
-190 85
-190 82
-190 80
-190 77
-190 75
-190 74
-190 72
-190 70
-190 68
-190 66
-190 64
-190 62
-190 59
-190 56
-190 53
-190 52
-190 50
-190 48
-190 47
-190 46
-190 44
-190 43
-190 41
-190 40
-190 39
-190 38
-190 36
-190 35
-190 34
-190 33
-190 32
-190 31
-190 30
-190 29
-190 28
-190 27
-190 26
-190 25
-190 24
-190 23
-190 22
-190 21
-190 20
-190 19
-190 18
-190 17
-190 16
-190 15
-190 14
-190 12
-190 11
-190 10
-190 9
-190 8
-190 7
-190 6
-190 5
-190 4
-190 3
-190 2
-190 1
-190 0
-190 -1
-190 -3
-190 -4
-190 -5
-190 -6
-190 -7
-190 -8
-190 -10
-190 -12
-190 -15
-190 -17
-190 -20
-190 -22
-190 -24
-190 -26
-190 -28
-190 -29
-190 -30
-190 -31
-190 -32
-190 -33
-190 -34
-190 -35
-190 -38
-190 -40
-190 -42
-190 -43
-190 -46
-190 -47
-190 -48
-190 -49
-190 -51
-190 -53
-190 -56
-190 -59
-190 -63
-190 -65
-190 -66
-190 -67
-190 -68
-190 -71
-190 -75
-190 -78
-190 -83
-190 -86
-190 -87
-190 -89
-190 -95
-190 -98
-190 -99
-190 -100
-190 -102
-190 -104
-190 -107
-190 -108
-190 -112
-190 -117
-190 -123
-190 -127
-190 -130
-190 -133
-190 -136
-190 -138
-190 -140
-190 -141
-190 -145
-190 -148
-190 -150
-190 -152
-190 -153
-190 -154
-190 -156
-190 -157
-190 -161
-190 -165
-190 -169
-190 -173
-190 -175
-190 -178
-190 -181
-190 -182
-190 -184
-190 -186
-190 -188
-190 -189
-190 -190
-190 -188
-190 -185
-190 -182
-190 -183
-190 -185
-190 -186
-190 -188
-190 -191
-190 -192
-190 -193
-190 -194
-190 -193
-190 -192
-190 -190
-190 -192
-187 -192
-186 -192
-182 -192
-177 -192
-172 -192
-170 -192
-166 -192
-161 -192
-159 -192
-156 -192
-154 -192
-149 -192
-141 -192
-133 -192
-122 -192
-118 -192
-111 -192
-103 -192
-94 -192
-86 -192
-78 -192
-73 -192
-71 -192
-67 -192
-66 -192
-65 -192
-64 -192
-61 -192
-59 -192
-57 -192
-54 -192
-50 -192
-48 -192
-43 -192
-40 -192
-36 -192
-31 -192
-27 -192
-25 -192
-20 -192
-16 -192
-11 -192
-8 -192
-7 -192
-5 -192
-4 -192
-3 -192
-1 -192
0 -192
1 -192
3 -192
4 -192
5 -192
6 -192
7 -192
8 -192
9 -192
12 -192
18 -192
24 -192
32 -192
36 -192
40 -192
43 -192
46 -192
47 -192
49 -192
51 -192
52 -192
54 -192
55 -192
57 -192
59 -192
61 -192
67 -192
72 -192
78 -192
86 -192
94 -192
101 -192
109 -192
114 -192
118 -192
122 -192
123 -192
124 -192
125 -192
127 -192
132 -192
138 -192
148 -192
152 -192
155 -192
156 -192
157 -192
156 -191
154 -190
154 -188
154 -187
154 -186
154 -185
154 -184
154 -183
154 -182
154 -180
154 -179
154 -178
154 -177
153 -175
153 -174
153 -172
153 -171
153 -170
153 -169
153 -167
153 -162
153 -159
153 -155
153 -153
153 -148
153 -146
153 -138
153 -134
153 -132
153 -128
153 -126
153 -123
153 -121
153 -116
153 -109
153 -105
153 -101
153 -100
153 -98
153 -97
153 -96
153 -94
153 -91
153 -87
153 -81
153 -76
153 -69
153 -67
153 -66
153 -65
153 -60
153 -56
153 -52
153 -47
153 -42
153 -39
153 -35
153 -28
153 -21
153 -18
153 -9
153 -5
153 4
153 11
153 19
153 25
153 28
153 30
153 31
153 33
153 34
153 36
153 34
153 40
153 45
153 48
153 51
153 53
153 54
153 61
153 67
153 71
153 79
153 86
153 88
153 89
153 91
153 94
153 100
153 105
153 111
153 113
153 115
153 117
153 121
153 126
153 131
153 134
153 136
153 139
153 141
153 142
153 143
153 144
153 145
153 148
153 155
153 158
153 159
151 159
147 159
146 159
143 159
142 159
141 159
138 159
130 159
128 159
124 159
123 159
117 159
113 159
111 159
106 159
102 159
91 159
81 159
70 159
65 159
64 159
63 160
64 160
65 160
66 159
68 159
66 159
65 159
63 159
63 160
61 161
49 161
43 161
38 161
28 161
14 161
7 161
6 161
5 161
-10 161
-26 161
-38 161
-43 161
-48 161
-53 161
-55 161
-56 161
-60 161
-65 161
-66 161
-85 161
-95 161
-97 161
-104 161
-107 161
-113 161
-115 161
-116 161
-117 161
-119 161
-124 161
-126 161
-127 161
-129 161
-130 161
-135 161
-141 161
-146 161
-149 161
-152 161
-154 161
-155 161
-159 161
-160 161
-165 161
-167 161
-171 161
-176 161
-177 161
-179 161
-184 161
-185 161
-187 161
-189 161
-190 161
-191 161
-192 161
-185 162
-185 160
-185 159
-185 157
-185 156
-185 154
-185 153
-185 152
-185 151
-185 150
-185 149
-185 147
-185 146
-185 145
-185 144
-185 143
-185 142
-185 141
-185 140
-185 138
-185 137
-185 135
-185 133
-185 131
-185 130
-185 129
