-200 200 -200
-200 200 -180
-200 200 -160
-200 200 -140
-200 200 -120
-200 200 -100
-200 200 -80
-200 200 -60
-200 200 -40
-200 200 -20
-200 200 0
-200 200 20
-200 200 40
-200 200 60
-200 200 80
-200 200 100
-200 200 120
-200 200 140
-200 200 160
-200 200 180
-200 200 200
-180 200 -200
-180 200 -180
-180 200 -160
-180 200 -140
-180 200 -120
-180 200 -100
-180 200 -80
-180 200 -60
-180 200 -40
-180 200 -20
-180 200 0
-180 200 20
-180 200 40
-180 200 60
-180 200 80
-180 200 100
-180 200 120
-180 200 140
-180 200 160
-180 200 180
-180 200 200
-160 200 -200
-160 200 -180
-160 200 -160
-160 200 -140
-160 200 -120
-160 200 -100
-160 200 -80
-160 200 -60
-160 200 -40
-160 200 -20
-160 200 0
-160 200 20
-160 200 40
-160 200 60
-160 200 80
-160 200 100
-160 200 120
-160 200 140
-160 200 160
-160 200 180
-160 200 200
-140 200 -200
-140 200 -180
-140 200 -160
-140 200 -140
-140 200 -120
-140 200 -100
-140 200 -80
-140 200 -60
-140 200 -40
-140 200 -20
-140 200 0
-140 200 20
-140 200 40
-140 200 60
-140 200 80
-140 200 100
-140 200 120
-140 200 140
-140 200 160
-140 200 180
-140 200 200
-120 200 -200
-120 200 -180
-120 200 -160
-120 200 -140
-120 200 -120
-120 200 -100
-120 200 -80
-120 200 -60
-120 200 -40
-120 200 -20
-120 200 0
-120 200 20
-120 200 40
-120 200 60
-120 200 80
-120 200 100
-120 200 120
-120 200 140
-120 200 160
-120 200 180
-120 200 200
-100 200 -200
-100 200 -180
-100 200 -160
-100 200 -140
-100 200 -120
-100 200 -100
-100 200 -80
-100 200 -60
-100 200 -40
-100 200 -20
-100 200 0
-100 200 20
-100 200 40
-100 200 60
-100 200 80
-100 200 100
-100 200 120
-100 200 140
-100 200 160
-100 200 180
-100 200 200
-80 200 -200
-80 200 -180
-80 200 -160
-80 200 -140
-80 200 -120
-80 200 -100
-80 200 -80
-80 200 -60
-80 200 -40
-80 200 -20
-80 200 0
-80 200 20
-80 200 40
-80 200 60
-80 200 80
-80 200 100
-80 200 120
-80 200 140
-80 200 160
-80 200 180
-80 200 200
-60 200 -200
-60 200 -180
-60 200 -160
-60 200 -140
-60 200 -120
-60 200 -100
-60 200 -80
-60 200 -60
-60 200 -40
-60 200 -20
-60 200 0
-60 200 20
-60 200 40
-60 200 60
-60 200 80
-60 200 100
-60 200 120
-60 200 140
-60 200 160
-60 200 180
-60 200 200
-40 200 -200
-40 200 -180
-40 200 -160
-40 200 -140
-40 200 -120
-40 200 -100
-40 200 -80
-40 200 -60
-40 200 -40
-40 200 -20
-40 200 0
-40 200 20
-40 200 40
-40 200 60
-40 200 80
-40 200 100
-40 200 120
-40 200 140
-40 200 160
-40 200 180
-40 200 200
-20 200 -200
-20 200 -180
-20 200 -160
-20 200 -140
-20 200 -120
-20 200 -100
-20 200 -80
-20 200 -60
-20 200 -40
-20 200 -20
-20 200 0
-20 200 20
-20 200 40
-20 200 60
-20 200 80
-20 200 100
-20 200 120
-20 200 140
-20 200 160
-20 200 180
-20 200 200
0 200 -200
0 200 -180
0 200 -160
0 200 -140
0 200 -120
0 200 -100
0 200 -80
0 200 -60
0 200 -40
0 200 -20
0 200 0
0 200 20
0 200 40
0 200 60
0 200 80
0 200 100
0 200 120
0 200 140
0 200 160
0 200 180
0 200 200
20 200 -200
20 200 -180
20 200 -160
20 200 -140
20 200 -120
20 200 -100
20 200 -80
20 200 -60
20 200 -40
20 200 -20
20 200 0
20 200 20
20 200 40
20 200 60
20 200 80
20 200 100
20 200 120
20 200 140
20 200 160
20 200 180
20 200 200
40 200 -200
40 200 -180
40 200 -160
40 200 -140
40 200 -120
40 200 -100
40 200 -80
40 200 -60
40 200 -40
40 200 -20
40 200 0
40 200 20
40 200 40
40 200 60
40 200 80
40 200 100
40 200 120
40 200 140
40 200 160
40 200 180
40 200 200
60 200 -200
60 200 -180
60 200 -160
60 200 -140
60 200 -120
60 200 -100
60 200 -80
60 200 -60
60 200 -40
60 200 -20
60 200 0
60 200 20
60 200 40
60 200 60
60 200 80
60 200 100
60 200 120
60 200 140
60 200 160
60 200 180
60 200 200
80 200 -200
80 200 -180
80 200 -160
80 200 -140
80 200 -120
80 200 -100
80 200 -80
80 200 -60
80 200 -40
80 200 -20
80 200 0
80 200 20
80 200 40
80 200 60
80 200 80
80 200 100
80 200 120
80 200 140
80 200 160
80 200 180
80 200 200
100 200 -200
100 200 -180
100 200 -160
100 200 -140
100 200 -120
100 200 -100
100 200 -80
100 200 -60
100 200 -40
100 200 -20
100 200 0
100 200 20
100 200 40
100 200 60
100 200 80
100 200 100
100 200 120
100 200 140
100 200 160
100 200 180
100 200 200
120 200 -200
120 200 -180
120 200 -160
120 200 -140
120 200 -120
120 200 -100
120 200 -80
120 200 -60
120 200 -40
120 200 -20
120 200 0
120 200 20
120 200 40
120 200 60
120 200 80
120 200 100
120 200 120
120 200 140
120 200 160
120 200 180
120 200 200
140 200 -200
140 200 -180
140 200 -160
140 200 -140
140 200 -120
140 200 -100
140 200 -80
140 200 -60
140 200 -40
140 200 -20
140 200 0
140 200 20
140 200 40
140 200 60
140 200 80
140 200 100
140 200 120
140 200 140
140 200 160
140 200 180
140 200 200
160 200 -200
160 200 -180
160 200 -160
160 200 -140
160 200 -120
160 200 -100
160 200 -80
160 200 -60
160 200 -40
160 200 -20
160 200 0
160 200 20
160 200 40
160 200 60
160 200 80
160 200 100
160 200 120
160 200 140
160 200 160
160 200 180
160 200 200
180 200 -200
180 200 -180
180 200 -160
180 200 -140
180 200 -120
180 200 -100
180 200 -80
180 200 -60
180 200 -40
180 200 -20
180 200 0
180 200 20
180 200 40
180 200 60
180 200 80
180 200 100
180 200 120
180 200 140
180 200 160
180 200 180
180 200 200
200 200 -200
200 200 -180
200 200 -160
200 200 -140
200 200 -120
200 200 -100
200 200 -80
200 200 -60
200 200 -40
200 200 -20
200 200 0
200 200 20
200 200 40
200 200 60
200 200 80
200 200 100
200 200 120
200 200 140
200 200 160
200 200 180
200 200 200
-200 -200 -200
-200 -200 -180
-200 -200 -160
-200 -200 -140
-200 -200 -120
-200 -200 -100
-200 -200 -80
-200 -200 -60
-200 -200 -40
-200 -200 -20
-200 -200 0
-200 -200 20
-200 -200 40
-200 -200 60
-200 -200 80
-200 -200 100
-200 -200 120
-200 -200 140
-200 -200 160
-200 -200 180
-200 -200 200
-180 -200 -200
-180 -200 -180
-180 -200 -160
-180 -200 -140
-180 -200 -120
-180 -200 -100
-180 -200 -80
-180 -200 -60
-180 -200 -40
-180 -200 -20
-180 -200 0
-180 -200 20
-180 -200 40
-180 -200 60
-180 -200 80
-180 -200 100
-180 -200 120
-180 -200 140
-180 -200 160
-180 -200 180
-180 -200 200
-160 -200 -200
-160 -200 -180
-160 -200 -160
-160 -200 -140
-160 -200 -120
-160 -200 -100
-160 -200 -80
-160 -200 -60
-160 -200 -40
-160 -200 -20
-160 -200 0
-160 -200 20
-160 -200 40
-160 -200 60
-160 -200 80
-160 -200 100
-160 -200 120
-160 -200 140
-160 -200 160
-160 -200 180
-160 -200 200
-140 -200 -200
-140 -200 -180
-140 -200 -160
-140 -200 -140
-140 -200 -120
-140 -200 -100
-140 -200 -80
-140 -200 -60
-140 -200 -40
-140 -200 -20
-140 -200 0
-140 -200 20
-140 -200 40
-140 -200 60
-140 -200 80
-140 -200 100
-140 -200 120
-140 -200 140
-140 -200 160
-140 -200 180
-140 -200 200
-120 -200 -200
-120 -200 -180
-120 -200 -160
-120 -200 -140
-120 -200 -120
-120 -200 -100
-120 -200 -80
-120 -200 -60
-120 -200 -40
-120 -200 -20
-120 -200 0
-120 -200 20
-120 -200 40
-120 -200 60
-120 -200 80
-120 -200 100
-120 -200 120
-120 -200 140
-120 -200 160
-120 -200 180
-120 -200 200
-100 -200 -200
-100 -200 -180
-100 -200 -160
-100 -200 -140
-100 -200 -120
-100 -200 -100
-100 -200 -80
-100 -200 -60
-100 -200 -40
-100 -200 -20
-100 -200 0
-100 -200 20
-100 -200 40
-100 -200 60
-100 -200 80
-100 -200 100
-100 -200 120
-100 -200 140
-100 -200 160
-100 -200 180
-100 -200 200
-80 -200 -200
-80 -200 -180
-80 -200 -160
-80 -200 -140
-80 -200 -120
-80 -200 -100
-80 -200 -80
-80 -200 -60
-80 -200 -40
-80 -200 -20
-80 -200 0
-80 -200 20
-80 -200 40
-80 -200 60
-80 -200 80
-80 -200 100
-80 -200 120
-80 -200 140
-80 -200 160
-80 -200 180
-80 -200 200
-60 -200 -200
-60 -200 -180
-60 -200 -160
-60 -200 -140
-60 -200 -120
-60 -200 -100
-60 -200 -80
-60 -200 -60
-60 -200 -40
-60 -200 -20
-60 -200 0
-60 -200 20
-60 -200 40
-60 -200 60
-60 -200 80
-60 -200 100
-60 -200 120
-60 -200 140
-60 -200 160
-60 -200 180
-60 -200 200
-40 -200 -200
-40 -200 -180
-40 -200 -160
-40 -200 -140
-40 -200 -120
-40 -200 -100
-40 -200 -80
-40 -200 -60
-40 -200 -40
-40 -200 -20
-40 -200 0
-40 -200 20
-40 -200 40
-40 -200 60
-40 -200 80
-40 -200 100
-40 -200 120
-40 -200 140
-40 -200 160
-40 -200 180
-40 -200 200
-20 -200 -200
-20 -200 -180
-20 -200 -160
-20 -200 -140
-20 -200 -120
-20 -200 -100
-20 -200 -80
-20 -200 -60
-20 -200 -40
-20 -200 -20
-20 -200 0
-20 -200 20
-20 -200 40
-20 -200 60
-20 -200 80
-20 -200 100
-20 -200 120
-20 -200 140
-20 -200 160
-20 -200 180
-20 -200 200
0 -200 -200
0 -200 -180
0 -200 -160
0 -200 -140
0 -200 -120
0 -200 -100
0 -200 -80
0 -200 -60
0 -200 -40
0 -200 -20
0 -200 0
0 -200 20
0 -200 40
0 -200 60
0 -200 80
0 -200 100
0 -200 120
0 -200 140
0 -200 160
0 -200 180
0 -200 200
20 -200 -200
20 -200 -180
20 -200 -160
20 -200 -140
20 -200 -120
20 -200 -100
20 -200 -80
20 -200 -60
20 -200 -40
20 -200 -20
20 -200 0
20 -200 20
20 -200 40
20 -200 60
20 -200 80
20 -200 100
20 -200 120
20 -200 140
20 -200 160
20 -200 180
20 -200 200
40 -200 -200
40 -200 -180
40 -200 -160
40 -200 -140
40 -200 -120
40 -200 -100
40 -200 -80
40 -200 -60
40 -200 -40
40 -200 -20
40 -200 0
40 -200 20
40 -200 40
40 -200 60
40 -200 80
40 -200 100
40 -200 120
40 -200 140
40 -200 160
40 -200 180
40 -200 200
60 -200 -200
60 -200 -180
60 -200 -160
60 -200 -140
60 -200 -120
60 -200 -100
60 -200 -80
60 -200 -60
60 -200 -40
60 -200 -20
60 -200 0
60 -200 20
60 -200 40
60 -200 60
60 -200 80
60 -200 100
60 -200 120
60 -200 140
60 -200 160
60 -200 180
60 -200 200
80 -200 -200
80 -200 -180
80 -200 -160
80 -200 -140
80 -200 -120
80 -200 -100
80 -200 -80
80 -200 -60
80 -200 -40
80 -200 -20
80 -200 0
80 -200 20
80 -200 40
80 -200 60
80 -200 80
80 -200 100
80 -200 120
80 -200 140
80 -200 160
80 -200 180
80 -200 200
100 -200 -200
100 -200 -180
100 -200 -160
100 -200 -140
100 -200 -120
100 -200 -100
100 -200 -80
100 -200 -60
100 -200 -40
100 -200 -20
100 -200 0
100 -200 20
100 -200 40
100 -200 60
100 -200 80
100 -200 100
100 -200 120
100 -200 140
100 -200 160
100 -200 180
100 -200 200
120 -200 -200
120 -200 -180
120 -200 -160
120 -200 -140
120 -200 -120
120 -200 -100
120 -200 -80
120 -200 -60
120 -200 -40
120 -200 -20
120 -200 0
120 -200 20
120 -200 40
120 -200 60
120 -200 80
120 -200 100
120 -200 120
120 -200 140
120 -200 160
120 -200 180
120 -200 200
140 -200 -200
140 -200 -180
140 -200 -160
140 -200 -140
140 -200 -120
140 -200 -100
140 -200 -80
140 -200 -60
140 -200 -40
140 -200 -20
140 -200 0
140 -200 20
140 -200 40
140 -200 60
140 -200 80
140 -200 100
140 -200 120
140 -200 140
140 -200 160
140 -200 180
140 -200 200
160 -200 -200
160 -200 -180
160 -200 -160
160 -200 -140
160 -200 -120
160 -200 -100
160 -200 -80
160 -200 -60
160 -200 -40
160 -200 -20
160 -200 0
160 -200 20
160 -200 40
160 -200 60
160 -200 80
160 -200 100
160 -200 120
160 -200 140
160 -200 160
160 -200 180
160 -200 200
180 -200 -200
180 -200 -180
180 -200 -160
180 -200 -140
180 -200 -120
180 -200 -100
180 -200 -80
180 -200 -60
180 -200 -40
180 -200 -20
180 -200 0
180 -200 20
180 -200 40
180 -200 60
180 -200 80
180 -200 100
180 -200 120
180 -200 140
180 -200 160
180 -200 180
180 -200 200
200 -200 -200
200 -200 -180
200 -200 -160
200 -200 -140
200 -200 -120
200 -200 -100
200 -200 -80
200 -200 -60
200 -200 -40
200 -200 -20
200 -200 0
200 -200 20
200 -200 40
200 -200 60
200 -200 80
200 -200 100
200 -200 120
200 -200 140
200 -200 160
200 -200 180
200 -200 200
0 -200 -200
0 -200 -180
0 -200 -160
0 -200 -140
0 -200 -120
0 -200 -100
0 -200 -80
0 -200 -60
0 -200 -40
0 -200 -20
0 -200 0
0 -200 20
0 -200 40
0 -200 60
0 -200 80
0 -200 100
0 -200 120
0 -200 140
0 -200 160
0 -200 180
0 -200 200
0 -180 -200
0 -180 -180
0 -180 -160
0 -180 -140
0 -180 -120
0 -180 -100
0 -180 -80
0 -180 -60
0 -180 -40
0 -180 -20
0 -180 0
0 -180 20
0 -180 40
0 -180 60
0 -180 80
0 -180 100
0 -180 120
0 -180 140
0 -180 160
0 -180 180
0 -180 200
0 -160 -200
0 -160 -180
0 -160 -160
0 -160 -140
0 -160 -120
0 -160 -100
0 -160 -80
0 -160 -60
0 -160 -40
0 -160 -20
0 -160 0
0 -160 20
0 -160 40
0 -160 60
0 -160 80
0 -160 100
0 -160 120
0 -160 140
0 -160 160
0 -160 180
0 -160 200
0 -140 -200
0 -140 -180
0 -140 -160
0 -140 -140
0 -140 -120
0 -140 -100
0 -140 -80
0 -140 -60
0 -140 -40
0 -140 -20
0 -140 0
0 -140 20
0 -140 40
0 -140 60
0 -140 80
0 -140 100
0 -140 120
0 -140 140
0 -140 160
0 -140 180
0 -140 200
0 -120 -200
0 -120 -180
0 -120 -160
0 -120 -140
0 -120 -120
0 -120 -100
0 -120 -80
0 -120 -60
0 -120 -40
0 -120 -20
0 -120 0
0 -120 20
0 -120 40
0 -120 60
0 -120 80
0 -120 100
0 -120 120
0 -120 140
0 -120 160
0 -120 180
0 -120 200
0 -100 -200
0 -100 -180
0 -100 -160
0 -100 -140
0 -100 -120
0 -100 -100
0 -100 -80
0 -100 -60
0 -100 -40
0 -100 -20
0 -100 0
0 -100 20
0 -100 40
0 -100 60
0 -100 80
0 -100 100
0 -100 120
0 -100 140
0 -100 160
0 -100 180
0 -100 200
0 -80 -200
0 -80 -180
0 -80 -160
0 -80 -140
0 -80 -120
0 -80 -100
0 -80 -80
0 -80 -60
0 -80 -40
0 -80 -20
0 -80 0
0 -80 20
0 -80 40
0 -80 60
0 -80 80
0 -80 100
0 -80 120
0 -80 140
0 -80 160
0 -80 180
0 -80 200
0 -60 -200
0 -60 -180
0 -60 -160
0 -60 -140
0 -60 -120
0 -60 -100
0 -60 -80
0 -60 -60
0 -60 -40
0 -60 -20
0 -60 0
0 -60 20
0 -60 40
0 -60 60
0 -60 80
0 -60 100
0 -60 120
0 -60 140
0 -60 160
0 -60 180
0 -60 200
0 -40 -200
0 -40 -180
0 -40 -160
0 -40 -140
0 -40 -120
0 -40 -100
0 -40 -80
0 -40 -60
0 -40 -40
0 -40 -20
0 -40 0
0 -40 20
0 -40 40
0 -40 60
0 -40 80
0 -40 100
0 -40 120
0 -40 140
0 -40 160
0 -40 180
0 -40 200
0 -20 -200
0 -20 -180
0 -20 -160
0 -20 -140
0 -20 -120
0 -20 -100
0 -20 -80
0 -20 -60
0 -20 -40
0 -20 -20
0 -20 0
0 -20 20
0 -20 40
0 -20 60
0 -20 80
0 -20 100
0 -20 120
0 -20 140
0 -20 160
0 -20 180
0 -20 200
0 0 -200
0 0 -180
0 0 -160
0 0 -140
0 0 -120
0 0 -100
0 0 -80
0 0 -60
0 0 -40
0 0 -20
0 0 0
0 0 20
0 0 40
0 0 60
0 0 80
0 0 100
0 0 120
0 0 140
0 0 160
0 0 180
0 0 200
0 20 -200
0 20 -180
0 20 -160
0 20 -140
0 20 -120
0 20 -100
0 20 -80
0 20 -60
0 20 -40
0 20 -20
0 20 0
0 20 20
0 20 40
0 20 60
0 20 80
0 20 100
0 20 120
0 20 140
0 20 160
0 20 180
0 20 200
0 40 -200
0 40 -180
0 40 -160
0 40 -140
0 40 -120
0 40 -100
0 40 -80
0 40 -60
0 40 -40
0 40 -20
0 40 0
0 40 20
0 40 40
0 40 60
0 40 80
0 40 100
0 40 120
0 40 140
0 40 160
0 40 180
0 40 200
0 60 -200
0 60 -180
0 60 -160
0 60 -140
0 60 -120
0 60 -100
0 60 -80
0 60 -60
0 60 -40
0 60 -20
0 60 0
0 60 20
0 60 40
0 60 60
0 60 80
0 60 100
0 60 120
0 60 140
0 60 160
0 60 180
0 60 200
0 80 -200
0 80 -180
0 80 -160
0 80 -140
0 80 -120
0 80 -100
0 80 -80
0 80 -60
0 80 -40
0 80 -20
0 80 0
0 80 20
0 80 40
0 80 60
0 80 80
0 80 100
0 80 120
0 80 140
0 80 160
0 80 180
0 80 200
0 100 -200
0 100 -180
0 100 -160
0 100 -140
0 100 -120
0 100 -100
0 100 -80
0 100 -60
0 100 -40
0 100 -20
0 100 0
0 100 20
0 100 40
0 100 60
0 100 80
0 100 100
0 100 120
0 100 140
0 100 160
0 100 180
0 100 200
0 120 -200
0 120 -180
0 120 -160
0 120 -140
0 120 -120
0 120 -100
0 120 -80
0 120 -60
0 120 -40
0 120 -20
0 120 0
0 120 20
0 120 40
0 120 60
0 120 80
0 120 100
0 120 120
0 120 140
0 120 160
0 120 180
0 120 200
0 140 -200
0 140 -180
0 140 -160
0 140 -140
0 140 -120
0 140 -100
0 140 -80
0 140 -60
0 140 -40
0 140 -20
0 140 0
0 140 20
0 140 40
0 140 60
0 140 80
0 140 100
0 140 120
0 140 140
0 140 160
0 140 180
0 140 200
0 160 -200
0 160 -180
0 160 -160
0 160 -140
0 160 -120
0 160 -100
0 160 -80
0 160 -60
0 160 -40
0 160 -20
0 160 0
0 160 20
0 160 40
0 160 60
0 160 80
0 160 100
0 160 120
0 160 140
0 160 160
0 160 180
0 160 200
0 180 -200
0 180 -180
0 180 -160
0 180 -140
0 180 -120
0 180 -100
0 180 -80
0 180 -60
0 180 -40
0 180 -20
0 180 0
0 180 20
0 180 40
0 180 60
0 180 80
0 180 100
0 180 120
0 180 140
0 180 160
0 180 180
0 180 200
0 200 -200
0 200 -180
0 200 -160
0 200 -140
0 200 -120
0 200 -100
0 200 -80
0 200 -60
0 200 -40
0 200 -20
0 200 0
0 200 20
0 200 40
0 200 60
0 200 80
0 200 100
0 200 120
0 200 140
0 200 160
0 200 180
0 200 200
