-193 -155 -149
-193 -155 -74
-193 -155 1
-193 -155 76
-192 -155 -149
-192 -155 -74
-192 -155 1
-192 -155 76
-191 -155 -149
-191 -155 -74
-191 -155 1
-191 -155 76
-191 -154 -149
-191 -154 -74
-191 -154 1
-191 -154 76
-190 -153 -149
-190 -153 -74
-190 -153 1
-190 -153 76
-190 -152 -149
-190 -152 -74
-190 -152 1
-190 -152 76
-189 -152 -149
-189 -152 -74
-189 -152 1
-189 -152 76
-188 -151 -149
-188 -151 -74
-188 -151 1
-188 -151 76
-188 -150 -149
-188 -150 -74
-188 -150 1
-188 -150 76
-187 -149 -149
-187 -149 -74
-187 -149 1
-187 -149 76
-186 -149 -149
-186 -149 -74
-186 -149 1
-186 -149 76
-185 -148 -149
-185 -148 -74
-185 -148 1
-185 -148 76
-185 -147 -149
-185 -147 -74
-185 -147 1
-185 -147 76
-184 -147 -149
-184 -147 -74
-184 -147 1
-184 -147 76
-183 -146 -149
-183 -146 -74
-183 -146 1
-183 -146 76
-183 -145 -149
-183 -145 -74
-183 -145 1
-183 -145 76
-182 -145 -149
-182 -145 -74
-182 -145 1
-182 -145 76
-182 -144 -149
-182 -144 -74
-182 -144 1
-182 -144 76
-181 -144 -149
-181 -144 -74
-181 -144 1
-181 -144 76
-180 -143 -149
-180 -143 -74
-180 -143 1
-180 -143 76
-180 -142 -149
-180 -142 -74
-180 -142 1
-180 -142 76
-179 -141 -149
-179 -141 -74
-179 -141 1
-179 -141 76
-178 -141 -149
-178 -141 -74
-178 -141 1
-178 -141 76
-177 -140 -149
-177 -140 -74
-177 -140 1
-177 -140 76
-177 -139 -149
-177 -139 -74
-177 -139 1
-177 -139 76
-176 -139 -149
-176 -139 -74
-176 -139 1
-176 -139 76
-175 -138 -149
-175 -138 -74
-175 -138 1
-175 -138 76
-175 -137 -149
-175 -137 -74
-175 -137 1
-175 -137 76
-174 -136 -149
-174 -136 -74
-174 -136 1
-174 -136 76
-173 -136 -149
-173 -136 -74
-173 -136 1
-173 -136 76
-173 -135 -149
-173 -135 -74
-173 -135 1
-173 -135 76
-172 -135 -149
-172 -135 -74
-172 -135 1
-172 -135 76
-172 -134 -149
-172 -134 -74
-172 -134 1
-172 -134 76
-172 -133 -149
-172 -133 -74
-172 -133 1
-172 -133 76
-171 -133 -149
-171 -133 -74
-171 -133 1
-171 -133 76
-170 -132 -149
-170 -132 -74
-170 -132 1
-170 -132 76
-169 -131 -149
-169 -131 -74
-169 -131 1
-169 -131 76
-168 -131 -149
-168 -131 -74
-168 -131 1
-168 -131 76
-167 -130 -149
-167 -130 -74
-167 -130 1
-167 -130 76
-166 -129 -149
-166 -129 -74
-166 -129 1
-166 -129 76
-165 -128 -149
-165 -128 -74
-165 -128 1
-165 -128 76
-164 -128 -149
-164 -128 -74
-164 -128 1
-164 -128 76
-164 -127 -149
-164 -127 -74
-164 -127 1
-164 -127 76
-163 -127 -149
-163 -127 -74
-163 -127 1
-163 -127 76
-163 -126 -149
-163 -126 -74
-163 -126 1
-163 -126 76
-162 -125 -149
-162 -125 -74
-162 -125 1
-162 -125 76
-161 -125 -149
-161 -125 -74
-161 -125 1
-161 -125 76
-160 -124 -149
-160 -124 -74
-160 -124 1
-160 -124 76
-159 -124 -149
-159 -124 -74
-159 -124 1
-159 -124 76
-158 -123 -149
-158 -123 -74
-158 -123 1
-158 -123 76
-157 -122 -149
-157 -122 -74
-157 -122 1
-157 -122 76
-156 -122 -149
-156 -122 -74
-156 -122 1
-156 -122 76
-156 -121 -149
-156 -121 -74
-156 -121 1
-156 -121 76
-156 -120 -149
-156 -120 -74
-156 -120 1
-156 -120 76
-155 -120 -149
-155 -120 -74
-155 -120 1
-155 -120 76
-154 -120 -149
-154 -120 -74
-154 -120 1
-154 -120 76
-153 -119 -149
-153 -119 -74
-153 -119 1
-153 -119 76
-153 -118 -149
-153 -118 -74
-153 -118 1
-153 -118 76
-153 -117 -149
-153 -117 -74
-153 -117 1
-153 -117 76
-152 -117 -149
-152 -117 -74
-152 -117 1
-152 -117 76
-151 -116 -149
-151 -116 -74
-151 -116 1
-151 -116 76
-150 -115 -149
-150 -115 -74
-150 -115 1
-150 -115 76
-149 -115 -149
-149 -115 -74
-149 -115 1
-149 -115 76
-148 -114 -149
-148 -114 -74
-148 -114 1
-148 -114 76
-148 -113 -149
-148 -113 -74
-148 -113 1
-148 -113 76
-148 -112 -149
-148 -112 -74
-148 -112 1
-148 -112 76
-147 -112 -149
-147 -112 -74
-147 -112 1
-147 -112 76
-146 -112 -149
-146 -112 -74
-146 -112 1
-146 -112 76
-145 -111 -149
-145 -111 -74
-145 -111 1
-145 -111 76
-145 -110 -149
-145 -110 -74
-145 -110 1
-145 -110 76
-144 -109 -149
-144 -109 -74
-144 -109 1
-144 -109 76
-143 -108 -149
-143 -108 -74
-143 -108 1
-143 -108 76
-142 -107 -149
-142 -107 -74
-142 -107 1
-142 -107 76
-141 -106 -149
-141 -106 -74
-141 -106 1
-141 -106 76
-140 -105 -149
-140 -105 -74
-140 -105 1
-140 -105 76
-140 -104 -149
-140 -104 -74
-140 -104 1
-140 -104 76
-139 -104 -149
-139 -104 -74
-139 -104 1
-139 -104 76
-138 -103 -149
-138 -103 -74
-138 -103 1
-138 -103 76
-138 -102 -149
-138 -102 -74
-138 -102 1
-138 -102 76
-137 -101 -149
-137 -101 -74
-137 -101 1
-137 -101 76
-136 -100 -149
-136 -100 -74
-136 -100 1
-136 -100 76
-135 -99 -149
-135 -99 -74
-135 -99 1
-135 -99 76
-134 -99 -149
-134 -99 -74
-134 -99 1
-134 -99 76
-134 -98 -149
-134 -98 -74
-134 -98 1
-134 -98 76
-133 -97 -149
-133 -97 -74
-133 -97 1
-133 -97 76
-132 -96 -149
-132 -96 -74
-132 -96 1
-132 -96 76
-132 -95 -149
-132 -95 -74
-132 -95 1
-132 -95 76
-131 -94 -149
-131 -94 -74
-131 -94 1
-131 -94 76
-129 -93 -149
-129 -93 -74
-129 -93 1
-129 -93 76
-129 -92 -149
-129 -92 -74
-129 -92 1
-129 -92 76
-128 -91 -149
-128 -91 -74
-128 -91 1
-128 -91 76
-127 -90 -149
-127 -90 -74
-127 -90 1
-127 -90 76
-126 -89 -149
-126 -89 -74
-126 -89 1
-126 -89 76
-126 -88 -149
-126 -88 -74
-126 -88 1
-126 -88 76
-125 -88 -149
-125 -88 -74
-125 -88 1
-125 -88 76
-124 -87 -149
-124 -87 -74
-124 -87 1
-124 -87 76
-124 -86 -149
-124 -86 -74
-124 -86 1
-124 -86 76
-124 -85 -149
-124 -85 -74
-124 -85 1
-124 -85 76
-123 -85 -149
-123 -85 -74
-123 -85 1
-123 -85 76
-121 -83 -149
-121 -83 -74
-121 -83 1
-121 -83 76
-121 -82 -149
-121 -82 -74
-121 -82 1
-121 -82 76
-119 -82 -149
-119 -82 -74
-119 -82 1
-119 -82 76
-119 -81 -149
-119 -81 -74
-119 -81 1
-119 -81 76
-118 -81 -149
-118 -81 -74
-118 -81 1
-118 -81 76
-118 -80 -149
-118 -80 -74
-118 -80 1
-118 -80 76
-117 -80 -149
-117 -80 -74
-117 -80 1
-117 -80 76
-116 -78 -149
-116 -78 -74
-116 -78 1
-116 -78 76
-115 -77 -149
-115 -77 -74
-115 -77 1
-115 -77 76
-114 -77 -149
-114 -77 -74
-114 -77 1
-114 -77 76
-113 -76 -149
-113 -76 -74
-113 -76 1
-113 -76 76
-113 -75 -149
-113 -75 -74
-113 -75 1
-113 -75 76
-112 -74 -149
-112 -74 -74
-112 -74 1
-112 -74 76
-111 -74 -149
-111 -74 -74
-111 -74 1
-111 -74 76
-110 -74 -149
-110 -74 -74
-110 -74 1
-110 -74 76
-110 -73 -149
-110 -73 -74
-110 -73 1
-110 -73 76
-110 -72 -149
-110 -72 -74
-110 -72 1
-110 -72 76
-109 -72 -149
-109 -72 -74
-109 -72 1
-109 -72 76
-108 -72 -149
-108 -72 -74
-108 -72 1
-108 -72 76
-108 -71 -149
-108 -71 -74
-108 -71 1
-108 -71 76
-107 -71 -149
-107 -71 -74
-107 -71 1
-107 -71 76
-107 -70 -149
-107 -70 -74
-107 -70 1
-107 -70 76
-106 -69 -149
-106 -69 -74
-106 -69 1
-106 -69 76
-105 -69 -149
-105 -69 -74
-105 -69 1
-105 -69 76
-105 -68 -149
-105 -68 -74
-105 -68 1
-105 -68 76
-104 -67 -149
-104 -67 -74
-104 -67 1
-104 -67 76
-102 -66 -149
-102 -66 -74
-102 -66 1
-102 -66 76
-101 -66 -149
-101 -66 -74
-101 -66 1
-101 -66 76
-101 -65 -149
-101 -65 -74
-101 -65 1
-101 -65 76
-100 -64 -149
-100 -64 -74
-100 -64 1
-100 -64 76
-99 -64 -149
-99 -64 -74
-99 -64 1
-99 -64 76
-98 -62 -149
-98 -62 -74
-98 -62 1
-98 -62 76
-97 -61 -149
-97 -61 -74
-97 -61 1
-97 -61 76
-96 -60 -149
-96 -60 -74
-96 -60 1
-96 -60 76
-96 -59 -149
-96 -59 -74
-96 -59 1
-96 -59 76
-94 -58 -149
-94 -58 -74
-94 -58 1
-94 -58 76
-94 -57 -149
-94 -57 -74
-94 -57 1
-94 -57 76
-94 -56 -149
-94 -56 -74
-94 -56 1
-94 -56 76
-93 -56 -149
-93 -56 -74
-93 -56 1
-93 -56 76
-92 -55 -149
-92 -55 -74
-92 -55 1
-92 -55 76
-91 -53 -149
-91 -53 -74
-91 -53 1
-91 -53 76
-90 -53 -149
-90 -53 -74
-90 -53 1
-90 -53 76
-90 -52 -149
-90 -52 -74
-90 -52 1
-90 -52 76
-89 -50 -149
-89 -50 -74
-89 -50 1
-89 -50 76
-88 -50 -149
-88 -50 -74
-88 -50 1
-88 -50 76
-86 -48 -149
-86 -48 -74
-86 -48 1
-86 -48 76
-84 -46 -149
-84 -46 -74
-84 -46 1
-84 -46 76
-83 -45 -149
-83 -45 -74
-83 -45 1
-83 -45 76
-83 -44 -149
-83 -44 -74
-83 -44 1
-83 -44 76
-82 -44 -149
-82 -44 -74
-82 -44 1
-82 -44 76
-82 -43 -149
-82 -43 -74
-82 -43 1
-82 -43 76
-81 -42 -149
-81 -42 -74
-81 -42 1
-81 -42 76
-79 -40 -149
-79 -40 -74
-79 -40 1
-79 -40 76
-78 -40 -149
-78 -40 -74
-78 -40 1
-78 -40 76
-77 -38 -149
-77 -38 -74
-77 -38 1
-77 -38 76
-76 -37 -149
-76 -37 -74
-76 -37 1
-76 -37 76
-75 -37 -149
-75 -37 -74
-75 -37 1
-75 -37 76
-73 -35 -149
-73 -35 -74
-73 -35 1
-73 -35 76
-73 -34 -149
-73 -34 -74
-73 -34 1
-73 -34 76
-72 -34 -149
-72 -34 -74
-72 -34 1
-72 -34 76
-71 -33 -149
-71 -33 -74
-71 -33 1
-71 -33 76
-70 -32 -149
-70 -32 -74
-70 -32 1
-70 -32 76
-70 -31 -149
-70 -31 -74
-70 -31 1
-70 -31 76
-69 -31 -149
-69 -31 -74
-69 -31 1
-69 -31 76
-69 -30 -149
-69 -30 -74
-69 -30 1
-69 -30 76
-68 -30 -149
-68 -30 -74
-68 -30 1
-68 -30 76
-68 -29 -149
-68 -29 -74
-68 -29 1
-68 -29 76
-67 -29 -149
-67 -29 -74
-67 -29 1
-67 -29 76
-67 -28 -149
-67 -28 -74
-67 -28 1
-67 -28 76
-66 -27 -149
-66 -27 -74
-66 -27 1
-66 -27 76
-65 -26 -149
-65 -26 -74
-65 -26 1
-65 -26 76
-64 -25 -149
-64 -25 -74
-64 -25 1
-64 -25 76
-64 -24 -149
-64 -24 -74
-64 -24 1
-64 -24 76
-63 -23 -149
-63 -23 -74
-63 -23 1
-63 -23 76
-62 -23 -149
-62 -23 -74
-62 -23 1
-62 -23 76
-61 -22 -149
-61 -22 -74
-61 -22 1
-61 -22 76
-60 -21 -149
-60 -21 -74
-60 -21 1
-60 -21 76
-59 -21 -149
-59 -21 -74
-59 -21 1
-59 -21 76
-59 -20 -149
-59 -20 -74
-59 -20 1
-59 -20 76
-57 -18 -149
-57 -18 -74
-57 -18 1
-57 -18 76
-56 -18 -149
-56 -18 -74
-56 -18 1
-56 -18 76
-55 -17 -149
-55 -17 -74
-55 -17 1
-55 -17 76
-54 -16 -149
-54 -16 -74
-54 -16 1
-54 -16 76
-53 -15 -149
-53 -15 -74
-53 -15 1
-53 -15 76
-52 -14 -149
-52 -14 -74
-52 -14 1
-52 -14 76
-51 -13 -149
-51 -13 -74
-51 -13 1
-51 -13 76
-50 -12 -149
-50 -12 -74
-50 -12 1
-50 -12 76
-49 -11 -149
-49 -11 -74
-49 -11 1
-49 -11 76
-48 -10 -149
-48 -10 -74
-48 -10 1
-48 -10 76
-47 -9 -149
-47 -9 -74
-47 -9 1
-47 -9 76
-46 -8 -149
-46 -8 -74
-46 -8 1
-46 -8 76
-45 -7 -149
-45 -7 -74
-45 -7 1
-45 -7 76
-44 -6 -149
-44 -6 -74
-44 -6 1
-44 -6 76
-43 -6 -149
-43 -6 -74
-43 -6 1
-43 -6 76
-43 -5 -149
-43 -5 -74
-43 -5 1
-43 -5 76
-42 -5 -149
-42 -5 -74
-42 -5 1
-42 -5 76
-41 -4 -149
-41 -4 -74
-41 -4 1
-41 -4 76
-40 -3 -149
-40 -3 -74
-40 -3 1
-40 -3 76
-39 -2 -149
-39 -2 -74
-39 -2 1
-39 -2 76
-38 -1 -149
-38 -1 -74
-38 -1 1
-38 -1 76
-38 0 -149
-38 0 -74
-38 0 1
-38 0 76
-37 0 -149
-37 0 -74
-37 0 1
-37 0 76
-36 1 -149
-36 1 -74
-36 1 1
-36 1 76
-35 1 -149
-35 1 -74
-35 1 1
-35 1 76
-35 3 -149
-35 3 -74
-35 3 1
-35 3 76
-33 3 -149
-33 3 -74
-33 3 1
-33 3 76
-33 4 -149
-33 4 -74
-33 4 1
-33 4 76
-32 5 -149
-32 5 -74
-32 5 1
-32 5 76
-31 6 -149
-31 6 -74
-31 6 1
-31 6 76
-30 7 -149
-30 7 -74
-30 7 1
-30 7 76
-30 8 -149
-30 8 -74
-30 8 1
-30 8 76
-29 8 -149
-29 8 -74
-29 8 1
-29 8 76
-29 9 -149
-29 9 -74
-29 9 1
-29 9 76
-27 9 -149
-27 9 -74
-27 9 1
-27 9 76
-27 10 -149
-27 10 -74
-27 10 1
-27 10 76
-27 11 -149
-27 11 -74
-27 11 1
-27 11 76
-26 11 -149
-26 11 -74
-26 11 1
-26 11 76
-25 11 -149
-25 11 -74
-25 11 1
-25 11 76
-24 12 -149
-24 12 -74
-24 12 1
-24 12 76
-24 13 -149
-24 13 -74
-24 13 1
-24 13 76
-23 14 -149
-23 14 -74
-23 14 1
-23 14 76
-22 15 -149
-22 15 -74
-22 15 1
-22 15 76
-22 16 -149
-22 16 -74
-22 16 1
-22 16 76
-20 17 -149
-20 17 -74
-20 17 1
-20 17 76
-19 17 -149
-19 17 -74
-19 17 1
-19 17 76
-18 19 -149
-18 19 -74
-18 19 1
-18 19 76
-16 20 -149
-16 20 -74
-16 20 1
-16 20 76
-16 22 -149
-16 22 -74
-16 22 1
-16 22 76
-15 22 -149
-15 22 -74
-15 22 1
-15 22 76
-14 23 -149
-14 23 -74
-14 23 1
-14 23 76
-14 24 -149
-14 24 -74
-14 24 1
-14 24 76
-13 25 -149
-13 25 -74
-13 25 1
-13 25 76
-11 25 -149
-11 25 -74
-11 25 1
-11 25 76
-11 26 -149
-11 26 -74
-11 26 1
-11 26 76
-11 27 -149
-11 27 -74
-11 27 1
-11 27 76
-10 27 -149
-10 27 -74
-10 27 1
-10 27 76
-8 28 -149
-8 28 -74
-8 28 1
-8 28 76
-8 29 -149
-8 29 -74
-8 29 1
-8 29 76
-7 30 -149
-7 30 -74
-7 30 1
-7 30 76
-6 30 -149
-6 30 -74
-6 30 1
-6 30 76
-6 32 -149
-6 32 -74
-6 32 1
-6 32 76
-5 33 -149
-5 33 -74
-5 33 1
-5 33 76
-4 33 -149
-4 33 -74
-4 33 1
-4 33 76
-3 34 -149
-3 34 -74
-3 34 1
-3 34 76
-3 35 -149
-3 35 -74
-3 35 1
-3 35 76
-2 35 -149
-2 35 -74
-2 35 1
-2 35 76
-1 36 -149
-1 36 -74
-1 36 1
-1 36 76
0 38 -149
0 38 -74
0 38 1
0 38 76
1 38 -149
1 38 -74
1 38 1
1 38 76
2 41 -149
2 41 -74
2 41 1
2 41 76
4 42 -149
4 42 -74
4 42 1
4 42 76
5 43 -149
5 43 -74
5 43 1
5 43 76
6 44 -149
6 44 -74
6 44 1
6 44 76
8 45 -149
8 45 -74
8 45 1
8 45 76
8 46 -149
8 46 -74
8 46 1
8 46 76
10 47 -149
10 47 -74
10 47 1
10 47 76
11 49 -149
11 49 -74
11 49 1
11 49 76
12 49 -149
12 49 -74
12 49 1
12 49 76
13 49 -149
13 49 -74
13 49 1
13 49 76
13 50 -149
13 50 -74
13 50 1
13 50 76
14 51 -149
14 51 -74
14 51 1
14 51 76
15 51 -149
15 51 -74
15 51 1
15 51 76
16 52 -149
16 52 -74
16 52 1
16 52 76
16 53 -149
16 53 -74
16 53 1
16 53 76
17 53 -149
17 53 -74
17 53 1
17 53 76
18 54 -149
18 54 -74
18 54 1
18 54 76
20 55 -149
20 55 -74
20 55 1
20 55 76
21 56 -149
21 56 -74
21 56 1
21 56 76
24 57 -149
24 57 -74
24 57 1
24 57 76
24 58 -149
24 58 -74
24 58 1
24 58 76
25 58 -149
25 58 -74
25 58 1
25 58 76
26 59 -149
26 59 -74
26 59 1
26 59 76
27 60 -149
27 60 -74
27 60 1
27 60 76
28 60 -149
28 60 -74
28 60 1
28 60 76
29 60 -149
29 60 -74
29 60 1
29 60 76
30 62 -149
30 62 -74
30 62 1
30 62 76
31 62 -149
31 62 -74
31 62 1
31 62 76
32 63 -149
32 63 -74
32 63 1
32 63 76
32 64 -149
32 64 -74
32 64 1
32 64 76
33 65 -149
33 65 -74
33 65 1
33 65 76
34 66 -149
34 66 -74
34 66 1
34 66 76
36 67 -149
36 67 -74
36 67 1
36 67 76
37 68 -149
37 68 -74
37 68 1
37 68 76
39 70 -149
39 70 -74
39 70 1
39 70 76
40 71 -149
40 71 -74
40 71 1
40 71 76
42 72 -149
42 72 -74
42 72 1
42 72 76
43 74 -149
43 74 -74
43 74 1
43 74 76
45 76 -149
45 76 -74
45 76 1
45 76 76
46 77 -149
46 77 -74
46 77 1
46 77 76
46 78 -149
46 78 -74
46 78 1
46 78 76
47 78 -149
47 78 -74
47 78 1
47 78 76
48 80 -149
48 80 -74
48 80 1
48 80 76
48 81 -149
48 81 -74
48 81 1
48 81 76
50 83 -149
50 83 -74
50 83 1
50 83 76
50 84 -149
50 84 -74
50 84 1
50 84 76
51 85 -149
51 85 -74
51 85 1
51 85 76
51 86 -149
51 86 -74
51 86 1
51 86 76
52 86 -149
52 86 -74
52 86 1
52 86 76
53 87 -149
53 87 -74
53 87 1
53 87 76
54 89 -149
54 89 -74
54 89 1
54 89 76
55 90 -149
55 90 -74
55 90 1
55 90 76
57 92 -149
57 92 -74
57 92 1
57 92 76
59 94 -149
59 94 -74
59 94 1
59 94 76
61 96 -149
61 96 -74
61 96 1
61 96 76
61 97 -149
61 97 -74
61 97 1
61 97 76
63 97 -149
63 97 -74
63 97 1
63 97 76
64 99 -149
64 99 -74
64 99 1
64 99 76
65 100 -149
65 100 -74
65 100 1
65 100 76
66 101 -149
66 101 -74
66 101 1
66 101 76
67 102 -149
67 102 -74
67 102 1
67 102 76
68 103 -149
68 103 -74
68 103 1
68 103 76
69 104 -149
69 104 -74
69 104 1
69 104 76
71 105 -149
71 105 -74
71 105 1
71 105 76
72 106 -149
72 106 -74
72 106 1
72 106 76
73 107 -149
73 107 -74
73 107 1
73 107 76
73 108 -149
73 108 -74
73 108 1
73 108 76
74 108 -149
74 108 -74
74 108 1
74 108 76
75 109 -149
75 109 -74
75 109 1
75 109 76
76 110 -149
76 110 -74
76 110 1
76 110 76
77 111 -149
77 111 -74
77 111 1
77 111 76
79 112 -149
79 112 -74
79 112 1
79 112 76
81 114 -149
81 114 -74
81 114 1
81 114 76
83 116 -149
83 116 -74
83 116 1
83 116 76
86 117 -149
86 117 -74
86 117 1
86 117 76
-221 130 -149
-221 130 -74
-221 130 1
-221 130 76
-220 130 -149
-220 130 -74
-220 130 1
-220 130 76
-217 129 -149
-217 129 -74
-217 129 1
-217 129 76
-217 128 -149
-217 128 -74
-217 128 1
-217 128 76
-216 128 -149
-216 128 -74
-216 128 1
-216 128 76
-215 127 -149
-215 127 -74
-215 127 1
-215 127 76
-215 126 -149
-215 126 -74
-215 126 1
-215 126 76
-214 125 -149
-214 125 -74
-214 125 1
-214 125 76
-213 124 -149
-213 124 -74
-213 124 1
-213 124 76
-212 124 -149
-212 124 -74
-212 124 1
-212 124 76
-211 122 -149
-211 122 -74
-211 122 1
-211 122 76
-210 121 -149
-210 121 -74
-210 121 1
-210 121 76
-209 121 -149
-209 121 -74
-209 121 1
-209 121 76
-209 120 -149
-209 120 -74
-209 120 1
-209 120 76
-209 119 -149
-209 119 -74
-209 119 1
-209 119 76
-207 118 -149
-207 118 -74
-207 118 1
-207 118 76
-207 117 -149
-207 117 -74
-207 117 1
-207 117 76
-206 117 -149
-206 117 -74
-206 117 1
-206 117 76
-205 116 -149
-205 116 -74
-205 116 1
-205 116 76
-204 114 -149
-204 114 -74
-204 114 1
-204 114 76
-203 114 -149
-203 114 -74
-203 114 1
-203 114 76
-202 113 -149
-202 113 -74
-202 113 1
-202 113 76
-201 112 -149
-201 112 -74
-201 112 1
-201 112 76
-200 111 -149
-200 111 -74
-200 111 1
-200 111 76
-198 109 -149
-198 109 -74
-198 109 1
-198 109 76
-196 107 -149
-196 107 -74
-196 107 1
-196 107 76
-196 106 -149
-196 106 -74
-196 106 1
-196 106 76
-193 104 -149
-193 104 -74
-193 104 1
-193 104 76
-193 103 -149
-193 103 -74
-193 103 1
-193 103 76
-192 103 -149
-192 103 -74
-192 103 1
-192 103 76
-191 101 -149
-191 101 -74
-191 101 1
-191 101 76
-189 100 -149
-189 100 -74
-189 100 1
-189 100 76
-188 99 -149
-188 99 -74
-188 99 1
-188 99 76
-187 98 -149
-187 98 -74
-187 98 1
-187 98 76
-187 97 -149
-187 97 -74
-187 97 1
-187 97 76
-185 96 -149
-185 96 -74
-185 96 1
-185 96 76
-183 94 -149
-183 94 -74
-183 94 1
-183 94 76
-182 93 -149
-182 93 -74
-182 93 1
-182 93 76
-180 92 -149
-180 92 -74
-180 92 1
-180 92 76
-179 91 -149
-179 91 -74
-179 91 1
-179 91 76
-179 90 -149
-179 90 -74
-179 90 1
-179 90 76
-178 89 -149
-178 89 -74
-178 89 1
-178 89 76
-177 88 -149
-177 88 -74
-177 88 1
-177 88 76
-177 87 -149
-177 87 -74
-177 87 1
-177 87 76
-174 85 -149
-174 85 -74
-174 85 1
-174 85 76
-172 84 -149
-172 84 -74
-172 84 1
-172 84 76
-172 83 -149
-172 83 -74
-172 83 1
-172 83 76
-171 81 -149
-171 81 -74
-171 81 1
-171 81 76
-170 80 -149
-170 80 -74
-170 80 1
-170 80 76
-168 78 -149
-168 78 -74
-168 78 1
-168 78 76
-167 77 -149
-167 77 -74
-167 77 1
-167 77 76
-166 76 -149
-166 76 -74
-166 76 1
-166 76 76
-165 74 -149
-165 74 -74
-165 74 1
-165 74 76
-163 72 -149
-163 72 -74
-163 72 1
-163 72 76
-163 70 -149
-163 70 -74
-163 70 1
-163 70 76
-162 70 -149
-162 70 -74
-162 70 1
-162 70 76
-161 70 -149
-161 70 -74
-161 70 1
-161 70 76
-161 68 -149
-161 68 -74
-161 68 1
-161 68 76
-159 66 -149
-159 66 -74
-159 66 1
-159 66 76
-159 65 -149
-159 65 -74
-159 65 1
-159 65 76
-158 65 -149
-158 65 -74
-158 65 1
-158 65 76
-158 64 -149
-158 64 -74
-158 64 1
-158 64 76
-156 62 -149
-156 62 -74
-156 62 1
-156 62 76
-155 62 -149
-155 62 -74
-155 62 1
-155 62 76
-154 60 -149
-154 60 -74
-154 60 1
-154 60 76
-152 58 -149
-152 58 -74
-152 58 1
-152 58 76
-150 57 -149
-150 57 -74
-150 57 1
-150 57 76
-148 54 -149
-148 54 -74
-148 54 1
-148 54 76
-147 54 -149
-147 54 -74
-147 54 1
-147 54 76
-146 52 -149
-146 52 -74
-146 52 1
-146 52 76
-145 50 -149
-145 50 -74
-145 50 1
-145 50 76
-143 49 -149
-143 49 -74
-143 49 1
-143 49 76
-142 48 -149
-142 48 -74
-142 48 1
-142 48 76
-141 47 -149
-141 47 -74
-141 47 1
-141 47 76
-140 46 -149
-140 46 -74
-140 46 1
-140 46 76
-139 46 -149
-139 46 -74
-139 46 1
-139 46 76
-138 45 -149
-138 45 -74
-138 45 1
-138 45 76
-137 44 -149
-137 44 -74
-137 44 1
-137 44 76
-136 43 -149
-136 43 -74
-136 43 1
-136 43 76
-134 41 -149
-134 41 -74
-134 41 1
-134 41 76
-133 39 -149
-133 39 -74
-133 39 1
-133 39 76
-132 38 -149
-132 38 -74
-132 38 1
-132 38 76
-131 37 -149
-131 37 -74
-131 37 1
-131 37 76
-130 35 -149
-130 35 -74
-130 35 1
-130 35 76
-129 34 -149
-129 34 -74
-129 34 1
-129 34 76
-128 33 -149
-128 33 -74
-128 33 1
-128 33 76
-126 32 -149
-126 32 -74
-126 32 1
-126 32 76
-126 30 -149
-126 30 -74
-126 30 1
-126 30 76
-124 30 -149
-124 30 -74
-124 30 1
-124 30 76
-123 28 -149
-123 28 -74
-123 28 1
-123 28 76
-122 27 -149
-122 27 -74
-122 27 1
-122 27 76
-120 26 -149
-120 26 -74
-120 26 1
-120 26 76
-120 25 -149
-120 25 -74
-120 25 1
-120 25 76
-119 24 -149
-119 24 -74
-119 24 1
-119 24 76
-116 21 -149
-116 21 -74
-116 21 1
-116 21 76
-114 19 -149
-114 19 -74
-114 19 1
-114 19 76
-112 17 -149
-112 17 -74
-112 17 1
-112 17 76
-110 15 -149
-110 15 -74
-110 15 1
-110 15 76
-107 12 -149
-107 12 -74
-107 12 1
-107 12 76
-106 11 -149
-106 11 -74
-106 11 1
-106 11 76
-105 11 -149
-105 11 -74
-105 11 1
-105 11 76
-104 10 -149
-104 10 -74
-104 10 1
-104 10 76
-103 9 -149
-103 9 -74
-103 9 1
-103 9 76
-102 8 -149
-102 8 -74
-102 8 1
-102 8 76
-102 7 -149
-102 7 -74
-102 7 1
-102 7 76
-100 6 -149
-100 6 -74
-100 6 1
-100 6 76
-99 6 -149
-99 6 -74
-99 6 1
-99 6 76
-98 5 -149
-98 5 -74
-98 5 1
-98 5 76
-96 3 -149
-96 3 -74
-96 3 1
-96 3 76
-95 3 -149
-95 3 -74
-95 3 1
-95 3 76
-94 2 -149
-94 2 -74
-94 2 1
-94 2 76
-92 1 -149
-92 1 -74
-92 1 1
-92 1 76
-91 -1 -149
-91 -1 -74
-91 -1 1
-91 -1 76
-89 -2 -149
-89 -2 -74
-89 -2 1
-89 -2 76
-88 -3 -149
-88 -3 -74
-88 -3 1
-88 -3 76
-88 -4 -149
-88 -4 -74
-88 -4 1
-88 -4 76
-86 -5 -149
-86 -5 -74
-86 -5 1
-86 -5 76
-84 -6 -149
-84 -6 -74
-84 -6 1
-84 -6 76
-83 -7 -149
-83 -7 -74
-83 -7 1
-83 -7 76
-81 -9 -149
-81 -9 -74
-81 -9 1
-81 -9 76
-80 -10 -149
-80 -10 -74
-80 -10 1
-80 -10 76
-78 -11 -149
-78 -11 -74
-78 -11 1
-78 -11 76
-78 -13 -149
-78 -13 -74
-78 -13 1
-78 -13 76
-76 -14 -149
-76 -14 -74
-76 -14 1
-76 -14 76
-75 -15 -149
-75 -15 -74
-75 -15 1
-75 -15 76
-74 -16 -149
-74 -16 -74
-74 -16 1
-74 -16 76
-73 -16 -149
-73 -16 -74
-73 -16 1
-73 -16 76
-71 -18 -149
-71 -18 -74
-71 -18 1
-71 -18 76
-70 -20 -149
-70 -20 -74
-70 -20 1
-70 -20 76
-69 -21 -149
-69 -21 -74
-69 -21 1
-69 -21 76
-67 -22 -149
-67 -22 -74
-67 -22 1
-67 -22 76
-66 -23 -149
-66 -23 -74
-66 -23 1
-66 -23 76
-65 -24 -149
-65 -24 -74
-65 -24 1
-65 -24 76
-63 -27 -149
-63 -27 -74
-63 -27 1
-63 -27 76
-62 -28 -149
-62 -28 -74
-62 -28 1
-62 -28 76
-60 -30 -149
-60 -30 -74
-60 -30 1
-60 -30 76
-58 -32 -149
-58 -32 -74
-58 -32 1
-58 -32 76
-56 -32 -149
-56 -32 -74
-56 -32 1
-56 -32 76
-54 -34 -149
-54 -34 -74
-54 -34 1
-54 -34 76
-52 -35 -149
-52 -35 -74
-52 -35 1
-52 -35 76
-51 -37 -149
-51 -37 -74
-51 -37 1
-51 -37 76
-50 -38 -149
-50 -38 -74
-50 -38 1
-50 -38 76
-49 -40 -149
-49 -40 -74
-49 -40 1
-49 -40 76
-47 -42 -149
-47 -42 -74
-47 -42 1
-47 -42 76
-45 -43 -149
-45 -43 -74
-45 -43 1
-45 -43 76
-44 -45 -149
-44 -45 -74
-44 -45 1
-44 -45 76
-43 -47 -149
-43 -47 -74
-43 -47 1
-43 -47 76
-41 -48 -149
-41 -48 -74
-41 -48 1
-41 -48 76
-41 -49 -149
-41 -49 -74
-41 -49 1
-41 -49 76
-40 -50 -149
-40 -50 -74
-40 -50 1
-40 -50 76
-38 -52 -149
-38 -52 -74
-38 -52 1
-38 -52 76
-37 -54 -149
-37 -54 -74
-37 -54 1
-37 -54 76
-35 -56 -149
-35 -56 -74
-35 -56 1
-35 -56 76
-35 -58 -149
-35 -58 -74
-35 -58 1
-35 -58 76
-34 -59 -149
-34 -59 -74
-34 -59 1
-34 -59 76
-32 -61 -149
-32 -61 -74
-32 -61 1
-32 -61 76
-31 -63 -149
-31 -63 -74
-31 -63 1
-31 -63 76
-30 -64 -149
-30 -64 -74
-30 -64 1
-30 -64 76
-29 -66 -149
-29 -66 -74
-29 -66 1
-29 -66 76
-28 -67 -149
-28 -67 -74
-28 -67 1
-28 -67 76
-27 -69 -149
-27 -69 -74
-27 -69 1
-27 -69 76
-25 -71 -149
-25 -71 -74
-25 -71 1
-25 -71 76
-22 -74 -149
-22 -74 -74
-22 -74 1
-22 -74 76
-20 -75 -149
-20 -75 -74
-20 -75 1
-20 -75 76
-17 -78 -149
-17 -78 -74
-17 -78 1
-17 -78 76
-16 -80 -149
-16 -80 -74
-16 -80 1
-16 -80 76
-13 -81 -149
-13 -81 -74
-13 -81 1
-13 -81 76
-12 -83 -149
-12 -83 -74
-12 -83 1
-12 -83 76
-11 -84 -149
-11 -84 -74
-11 -84 1
-11 -84 76
-10 -84 -149
-10 -84 -74
-10 -84 1
-10 -84 76
-8 -85 -149
-8 -85 -74
-8 -85 1
-8 -85 76
-7 -87 -149
-7 -87 -74
-7 -87 1
-7 -87 76
-6 -88 -149
-6 -88 -74
-6 -88 1
-6 -88 76
-5 -89 -149
-5 -89 -74
-5 -89 1
-5 -89 76
-3 -92 -149
-3 -92 -74
-3 -92 1
-3 -92 76
-1 -93 -149
-1 -93 -74
-1 -93 1
-1 -93 76
1 -96 -149
1 -96 -74
1 -96 1
1 -96 76
3 -97 -149
3 -97 -74
3 -97 1
3 -97 76
4 -99 -149
4 -99 -74
4 -99 1
4 -99 76
5 -101 -149
5 -101 -74
5 -101 1
5 -101 76
7 -102 -149
7 -102 -74
7 -102 1
7 -102 76
9 -104 -149
9 -104 -74
9 -104 1
9 -104 76
11 -107 -149
11 -107 -74
11 -107 1
11 -107 76
13 -109 -149
13 -109 -74
13 -109 1
13 -109 76
16 -111 -149
16 -111 -74
16 -111 1
16 -111 76
19 -114 -149
19 -114 -74
19 -114 1
19 -114 76
21 -115 -149
21 -115 -74
21 -115 1
21 -115 76
22 -117 -149
22 -117 -74
22 -117 1
22 -117 76
23 -118 -149
23 -118 -74
23 -118 1
23 -118 76
24 -119 -149
24 -119 -74
24 -119 1
24 -119 76
25 -120 -149
25 -120 -74
25 -120 1
25 -120 76
27 -123 -149
27 -123 -74
27 -123 1
27 -123 76
30 -125 -149
30 -125 -74
30 -125 1
30 -125 76
30 -126 -149
30 -126 -74
30 -126 1
30 -126 76
31 -128 -149
31 -128 -74
31 -128 1
31 -128 76
32 -129 -149
32 -129 -74
32 -129 1
32 -129 76
33 -130 -149
33 -130 -74
33 -130 1
33 -130 76
35 -131 -149
35 -131 -74
35 -131 1
35 -131 76
36 -133 -149
36 -133 -74
36 -133 1
36 -133 76
38 -135 -149
38 -135 -74
38 -135 1
38 -135 76
39 -136 -149
39 -136 -74
39 -136 1
39 -136 76
41 -139 -149
41 -139 -74
41 -139 1
41 -139 76
43 -141 -149
43 -141 -74
43 -141 1
43 -141 76
44 -142 -149
44 -142 -74
44 -142 1
44 -142 76
46 -143 -149
46 -143 -74
46 -143 1
46 -143 76
47 -144 -149
47 -144 -74
47 -144 1
47 -144 76
48 -146 -149
48 -146 -74
48 -146 1
48 -146 76
48 -147 -149
48 -147 -74
48 -147 1
48 -147 76
49 -148 -149
49 -148 -74
49 -148 1
49 -148 76
51 -149 -149
51 -149 -74
51 -149 1
51 -149 76
52 -151 -149
52 -151 -74
52 -151 1
52 -151 76
54 -152 -149
54 -152 -74
54 -152 1
54 -152 76
54 -153 -149
54 -153 -74
54 -153 1
54 -153 76
56 -155 -149
56 -155 -74
56 -155 1
56 -155 76
57 -157 -149
57 -157 -74
57 -157 1
57 -157 76
59 -159 -149
59 -159 -74
59 -159 1
59 -159 76
59 -160 -149
59 -160 -74
59 -160 1
59 -160 76
60 -161 -149
60 -161 -74
60 -161 1
60 -161 76
62 -163 -149
62 -163 -74
62 -163 1
62 -163 76
63 -164 -149
63 -164 -74
63 -164 1
63 -164 76
64 -165 -149
64 -165 -74
64 -165 1
64 -165 76
64 -166 -149
64 -166 -74
64 -166 1
64 -166 76
66 -168 -149
66 -168 -74
66 -168 1
66 -168 76
67 -168 -149
67 -168 -74
67 -168 1
67 -168 76
67 -171 -149
67 -171 -74
67 -171 1
67 -171 76
70 -173 -149
70 -173 -74
70 -173 1
70 -173 76
70 -174 -149
70 -174 -74
70 -174 1
70 -174 76
72 -176 -149
72 -176 -74
72 -176 1
72 -176 76
72 -178 -149
72 -178 -74
72 -178 1
72 -178 76
74 -179 -149
74 -179 -74
74 -179 1
74 -179 76
75 -182 -149
75 -182 -74
75 -182 1
75 -182 76
78 -184 -149
78 -184 -74
78 -184 1
78 -184 76
78 -186 -149
78 -186 -74
78 -186 1
78 -186 76
79 -186 -149
79 -186 -74
79 -186 1
79 -186 76
81 -187 -149
81 -187 -74
81 -187 1
81 -187 76
82 -189 -149
82 -189 -74
82 -189 1
82 -189 76
82 -190 -149
82 -190 -74
82 -190 1
82 -190 76
83 -191 -149
83 -191 -74
83 -191 1
83 -191 76
84 -192 -149
84 -192 -74
84 -192 1
84 -192 76
86 -192 -149
86 -192 -74
86 -192 1
86 -192 76
87 -193 -149
87 -193 -74
87 -193 1
87 -193 76
88 -194 -149
88 -194 -74
88 -194 1
88 -194 76
89 -195 -149
89 -195 -74
89 -195 1
89 -195 76
90 -196 -149
90 -196 -74
90 -196 1
90 -196 76
91 -198 -149
91 -198 -74
91 -198 1
91 -198 76
92 -199 -149
92 -199 -74
92 -199 1
92 -199 76
93 -200 -149
93 -200 -74
93 -200 1
93 -200 76
94 -200 -149
94 -200 -74
94 -200 1
94 -200 76
94 -202 -149
94 -202 -74
94 -202 1
94 -202 76
95 -203 -149
95 -203 -74
95 -203 1
95 -203 76
97 -206 -149
97 -206 -74
97 -206 1
97 -206 76
99 -207 -149
99 -207 -74
99 -207 1
99 -207 76
100 -208 -149
100 -208 -74
100 -208 1
100 -208 76
-196 -159 -149
-196 -159 -74
-196 -159 1
-196 -159 76
-197 -160 -149
-197 -160 -74
-197 -160 1
-197 -160 76
-199 -161 -149
-199 -161 -74
-199 -161 1
-199 -161 76
-199 -162 -149
-199 -162 -74
-199 -162 1
-199 -162 76
-200 -162 -149
-200 -162 -74
-200 -162 1
-200 -162 76
-201 -163 -149
-201 -163 -74
-201 -163 1
-201 -163 76
-202 -163 -149
-202 -163 -74
-202 -163 1
-202 -163 76
-203 -165 -149
-203 -165 -74
-203 -165 1
-203 -165 76
-204 -165 -149
-204 -165 -74
-204 -165 1
-204 -165 76
-204 -166 -149
-204 -166 -74
-204 -166 1
-204 -166 76
-206 -168 -149
-206 -168 -74
-206 -168 1
-206 -168 76
-207 -170 -149
-207 -170 -74
-207 -170 1
-207 -170 76
-208 -171 -149
-208 -171 -74
-208 -171 1
-208 -171 76
-209 -173 -149
-209 -173 -74
-209 -173 1
-209 -173 76
-210 -174 -149
-210 -174 -74
-210 -174 1
-210 -174 76
-211 -175 -149
-211 -175 -74
-211 -175 1
-211 -175 76
-212 -175 -149
-212 -175 -74
-212 -175 1
-212 -175 76
-214 -176 -149
-214 -176 -74
-214 -176 1
-214 -176 76
-214 -177 -149
-214 -177 -74
-214 -177 1
-214 -177 76
-215 -178 -149
-215 -178 -74
-215 -178 1
-215 -178 76
-217 -179 -149
-217 -179 -74
-217 -179 1
-217 -179 76
-218 -180 -149
-218 -180 -74
-218 -180 1
-218 -180 76
-219 -181 -149
-219 -181 -74
-219 -181 1
-219 -181 76
-220 -181 -149
-220 -181 -74
-220 -181 1
-220 -181 76
-221 -181 -149
-221 -181 -74
-221 -181 1
-221 -181 76
-222 -183 -149
-222 -183 -74
-222 -183 1
-222 -183 76
-224 -184 -149
-224 -184 -74
-224 -184 1
-224 -184 76
-226 -186 -149
-226 -186 -74
-226 -186 1
-226 -186 76
-227 -187 -149
-227 -187 -74
-227 -187 1
-227 -187 76
-229 -188 -149
-229 -188 -74
-229 -188 1
-229 -188 76
-230 -189 -149
-230 -189 -74
-230 -189 1
-230 -189 76
-230 -190 -149
-230 -190 -74
-230 -190 1
-230 -190 76
-231 -191 -149
-231 -191 -74
-231 -191 1
-231 -191 76
-231 -192 -149
-231 -192 -74
-231 -192 1
-231 -192 76
-233 -195 -149
-233 -195 -74
-233 -195 1
-233 -195 76
-234 -196 -149
-234 -196 -74
-234 -196 1
-234 -196 76
-234 -197 -149
-234 -197 -74
-234 -197 1
-234 -197 76
-235 -198 -149
-235 -198 -74
-235 -198 1
-235 -198 76
-236 -198 -149
-236 -198 -74
-236 -198 1
-236 -198 76
86 118 -149
86 118 -74
86 118 1
86 118 76
88 118 -149
88 118 -74
88 118 1
88 118 76
89 119 -149
89 119 -74
89 119 1
89 119 76
92 121 -149
92 121 -74
92 121 1
92 121 76
94 124 -149
94 124 -74
94 124 1
94 124 76
95 124 -149
95 124 -74
95 124 1
95 124 76
97 126 -149
97 126 -74
97 126 1
97 126 76
98 126 -149
98 126 -74
98 126 1
98 126 76
99 128 -149
99 128 -74
99 128 1
99 128 76
100 129 -149
100 129 -74
100 129 1
100 129 76
101 130 -149
101 130 -74
101 130 1
101 130 76
101 131 -149
101 131 -74
101 131 1
101 131 76
103 132 -149
103 132 -74
103 132 1
103 132 76
104 133 -149
104 133 -74
104 133 1
104 133 76
105 134 -149
105 134 -74
105 134 1
105 134 76
106 135 -149
106 135 -74
106 135 1
106 135 76
107 137 -149
107 137 -74
107 137 1
107 137 76
108 137 -149
108 137 -74
108 137 1
108 137 76
110 139 -149
110 139 -74
110 139 1
110 139 76
111 140 -149
111 140 -74
111 140 1
111 140 76
113 143 -149
113 143 -74
113 143 1
113 143 76
114 144 -149
114 144 -74
114 144 1
114 144 76
115 145 -149
115 145 -74
115 145 1
115 145 76
-220 131 -149
-220 131 -74
-220 131 1
-220 131 76
-221 131 -149
-221 131 -74
-221 131 1
-221 131 76
-223 131 -149
-223 131 -74
-223 131 1
-223 131 76
-223 132 -149
-223 132 -74
-223 132 1
-223 132 76
-225 133 -149
-225 133 -74
-225 133 1
-225 133 76
-227 134 -149
-227 134 -74
-227 134 1
-227 134 76
-228 134 -149
-228 134 -74
-228 134 1
-228 134 76
-230 136 -149
-230 136 -74
-230 136 1
-230 136 76
-231 137 -149
-231 137 -74
-231 137 1
-231 137 76
-231 138 -149
-231 138 -74
-231 138 1
-231 138 76
-231 139 -149
-231 139 -74
-231 139 1
-231 139 76
-232 139 -149
-232 139 -74
-232 139 1
-232 139 76
-232 141 -149
-232 141 -74
-232 141 1
-232 141 76
-238 -200 -149
-238 -200 -74
-238 -200 1
-238 -200 76
-238 -201 -149
-238 -201 -74
-238 -201 1
-238 -201 76
-239 -202 -149
-239 -202 -74
-239 -202 1
-239 -202 76
-240 -202 -149
-240 -202 -74
-240 -202 1
-240 -202 76
-241 -202 -149
-241 -202 -74
-241 -202 1
-241 -202 76
-242 -204 -149
-242 -204 -74
-242 -204 1
-242 -204 76
-243 -204 -149
-243 -204 -74
-243 -204 1
-243 -204 76
-244 -205 -149
-244 -205 -74
-244 -205 1
-244 -205 76
-245 -206 -149
-245 -206 -74
-245 -206 1
-245 -206 76
-246 -207 -149
-246 -207 -74
-246 -207 1
-246 -207 76
-247 -208 -149
-247 -208 -74
-247 -208 1
-247 -208 76
-247 -209 -149
-247 -209 -74
-247 -209 1
-247 -209 76
-247 -210 -149
-247 -210 -74
-247 -210 1
-247 -210 76
-248 -210 -149
-248 -210 -74
-248 -210 1
-248 -210 76
-244 -33 -149
-244 -33 -74
-244 -33 1
-244 -33 76
-243 -33 -149
-243 -33 -74
-243 -33 1
-243 -33 76
-239 -33 -149
-239 -33 -74
-239 -33 1
-239 -33 76
-236 -33 -149
-236 -33 -74
-236 -33 1
-236 -33 76
-234 -33 -149
-234 -33 -74
-234 -33 1
-234 -33 76
-231 -33 -149
-231 -33 -74
-231 -33 1
-231 -33 76
-229 -33 -149
-229 -33 -74
-229 -33 1
-229 -33 76
-227 -33 -149
-227 -33 -74
-227 -33 1
-227 -33 76
-226 -33 -149
-226 -33 -74
-226 -33 1
-226 -33 76
-224 -33 -149
-224 -33 -74
-224 -33 1
-224 -33 76
-222 -33 -149
-222 -33 -74
-222 -33 1
-222 -33 76
-221 -33 -149
-221 -33 -74
-221 -33 1
-221 -33 76
-220 -33 -149
-220 -33 -74
-220 -33 1
-220 -33 76
-219 -33 -149
-219 -33 -74
-219 -33 1
-219 -33 76
-218 -33 -149
-218 -33 -74
-218 -33 1
-218 -33 76
-213 -32 -149
-213 -32 -74
-213 -32 1
-213 -32 76
-210 -32 -149
-210 -32 -74
-210 -32 1
-210 -32 76
-207 -31 -149
-207 -31 -74
-207 -31 1
-207 -31 76
-204 -30 -149
-204 -30 -74
-204 -30 1
-204 -30 76
-201 -30 -149
-201 -30 -74
-201 -30 1
-201 -30 76
-198 -30 -149
-198 -30 -74
-198 -30 1
-198 -30 76
-195 -29 -149
-195 -29 -74
-195 -29 1
-195 -29 76
-194 -29 -149
-194 -29 -74
-194 -29 1
-194 -29 76
-190 -28 -149
-190 -28 -74
-190 -28 1
-190 -28 76
-188 -28 -149
-188 -28 -74
-188 -28 1
-188 -28 76
-185 -28 -149
-185 -28 -74
-185 -28 1
-185 -28 76
-183 -28 -149
-183 -28 -74
-183 -28 1
-183 -28 76
-181 -28 -149
-181 -28 -74
-181 -28 1
-181 -28 76
-178 -28 -149
-178 -28 -74
-178 -28 1
-178 -28 76
-177 -28 -149
-177 -28 -74
-177 -28 1
-177 -28 76
-174 -28 -149
-174 -28 -74
-174 -28 1
-174 -28 76
-173 -28 -149
-173 -28 -74
-173 -28 1
-173 -28 76
-170 -27 -149
-170 -27 -74
-170 -27 1
-170 -27 76
-167 -27 -149
-167 -27 -74
-167 -27 1
-167 -27 76
-165 -27 -149
-165 -27 -74
-165 -27 1
-165 -27 76
-164 -26 -149
-164 -26 -74
-164 -26 1
-164 -26 76
-159 -26 -149
-159 -26 -74
-159 -26 1
-159 -26 76
-155 -25 -149
-155 -25 -74
-155 -25 1
-155 -25 76
-153 -25 -149
-153 -25 -74
-153 -25 1
-153 -25 76
-150 -25 -149
-150 -25 -74
-150 -25 1
-150 -25 76
-146 -25 -149
-146 -25 -74
-146 -25 1
-146 -25 76
-145 -25 -149
-145 -25 -74
-145 -25 1
-145 -25 76
-140 -25 -149
-140 -25 -74
-140 -25 1
-140 -25 76
-138 -25 -149
-138 -25 -74
-138 -25 1
-138 -25 76
-136 -25 -149
-136 -25 -74
-136 -25 1
-136 -25 76
-135 -25 -149
-135 -25 -74
-135 -25 1
-135 -25 76
-134 -25 -149
-134 -25 -74
-134 -25 1
-134 -25 76
-130 -26 -149
-130 -26 -74
-130 -26 1
-130 -26 76
-129 -26 -149
-129 -26 -74
-129 -26 1
-129 -26 76
-126 -27 -149
-126 -27 -74
-126 -27 1
-126 -27 76
-124 -27 -149
-124 -27 -74
-124 -27 1
-124 -27 76
-122 -27 -149
-122 -27 -74
-122 -27 1
-122 -27 76
-118 -27 -149
-118 -27 -74
-118 -27 1
-118 -27 76
-116 -27 -149
-116 -27 -74
-116 -27 1
-116 -27 76
-113 -27 -149
-113 -27 -74
-113 -27 1
-113 -27 76
-110 -27 -149
-110 -27 -74
-110 -27 1
-110 -27 76
-107 -27 -149
-107 -27 -74
-107 -27 1
-107 -27 76
-104 -27 -149
-104 -27 -74
-104 -27 1
-104 -27 76
-102 -27 -149
-102 -27 -74
-102 -27 1
-102 -27 76
-100 -27 -149
-100 -27 -74
-100 -27 1
-100 -27 76
-97 -27 -149
-97 -27 -74
-97 -27 1
-97 -27 76
-94 -27 -149
-94 -27 -74
-94 -27 1
-94 -27 76
-91 -27 -149
-91 -27 -74
-91 -27 1
-91 -27 76
-88 -27 -149
-88 -27 -74
-88 -27 1
-88 -27 76
-84 -27 -149
-84 -27 -74
-84 -27 1
-84 -27 76
-80 -27 -149
-80 -27 -74
-80 -27 1
-80 -27 76
-76 -27 -149
-76 -27 -74
-76 -27 1
-76 -27 76
-74 -27 -149
-74 -27 -74
-74 -27 1
-74 -27 76
-69 -27 -149
-69 -27 -74
-69 -27 1
-69 -27 76
-66 -27 -149
-66 -27 -74
-66 -27 1
-66 -27 76
-64 -26 -149
-64 -26 -74
-64 -26 1
-64 -26 76
-63 -26 -149
-63 -26 -74
-63 -26 1
-63 -26 76
-61 -26 -149
-61 -26 -74
-61 -26 1
-61 -26 76
-60 -26 -149
-60 -26 -74
-60 -26 1
-60 -26 76
-58 -26 -149
-58 -26 -74
-58 -26 1
-58 -26 76
-57 -26 -149
-57 -26 -74
-57 -26 1
-57 -26 76
-53 -26 -149
-53 -26 -74
-53 -26 1
-53 -26 76
-50 -26 -149
-50 -26 -74
-50 -26 1
-50 -26 76
-47 -26 -149
-47 -26 -74
-47 -26 1
-47 -26 76
-45 -26 -149
-45 -26 -74
-45 -26 1
-45 -26 76
-42 -26 -149
-42 -26 -74
-42 -26 1
-42 -26 76
-39 -26 -149
-39 -26 -74
-39 -26 1
-39 -26 76
-36 -26 -149
-36 -26 -74
-36 -26 1
-36 -26 76
-31 -26 -149
-31 -26 -74
-31 -26 1
-31 -26 76
-25 -27 -149
-25 -27 -74
-25 -27 1
-25 -27 76
-22 -27 -149
-22 -27 -74
-22 -27 1
-22 -27 76
-18 -28 -149
-18 -28 -74
-18 -28 1
-18 -28 76
-16 -28 -149
-16 -28 -74
-16 -28 1
-16 -28 76
-13 -28 -149
-13 -28 -74
-13 -28 1
-13 -28 76
-9 -29 -149
-9 -29 -74
-9 -29 1
-9 -29 76
-5 -29 -149
-5 -29 -74
-5 -29 1
-5 -29 76
-2 -29 -149
-2 -29 -74
-2 -29 1
-2 -29 76
2 -29 -149
2 -29 -74
2 -29 1
2 -29 76
5 -30 -149
5 -30 -74
5 -30 1
5 -30 76
9 -31 -149
9 -31 -74
9 -31 1
9 -31 76
13 -32 -149
13 -32 -74
13 -32 1
13 -32 76
15 -32 -149
15 -32 -74
15 -32 1
15 -32 76
20 -32 -149
20 -32 -74
20 -32 1
20 -32 76
29 -32 -149
29 -32 -74
29 -32 1
29 -32 76
31 -32 -149
31 -32 -74
31 -32 1
31 -32 76
32 -32 -149
32 -32 -74
32 -32 1
32 -32 76
36 -32 -149
36 -32 -74
36 -32 1
36 -32 76
40 -32 -149
40 -32 -74
40 -32 1
40 -32 76
43 -31 -149
43 -31 -74
43 -31 1
43 -31 76
46 -30 -149
46 -30 -74
46 -30 1
46 -30 76
49 -28 -149
49 -28 -74
49 -28 1
49 -28 76
53 -27 -149
53 -27 -74
53 -27 1
53 -27 76
56 -26 -149
56 -26 -74
56 -26 1
56 -26 76
59 -25 -149
59 -25 -74
59 -25 1
59 -25 76
61 -24 -149
61 -24 -74
61 -24 1
61 -24 76
65 -23 -149
65 -23 -74
65 -23 1
65 -23 76
68 -22 -149
68 -22 -74
68 -22 1
68 -22 76
69 -22 -149
69 -22 -74
69 -22 1
69 -22 76
71 -21 -149
71 -21 -74
71 -21 1
71 -21 76
73 -21 -149
73 -21 -74
73 -21 1
73 -21 76
77 -19 -149
77 -19 -74
77 -19 1
77 -19 76
79 -19 -149
79 -19 -74
79 -19 1
79 -19 76
83 -19 -149
83 -19 -74
83 -19 1
83 -19 76
84 -19 -149
84 -19 -74
84 -19 1
84 -19 76
85 -19 -149
85 -19 -74
85 -19 1
85 -19 76
87 -19 -149
87 -19 -74
87 -19 1
87 -19 76
89 -19 -149
89 -19 -74
89 -19 1
89 -19 76
92 -19 -149
92 -19 -74
92 -19 1
92 -19 76
95 -19 -149
95 -19 -74
95 -19 1
95 -19 76
98 -19 -149
98 -19 -74
98 -19 1
98 -19 76
101 -19 -149
101 -19 -74
101 -19 1
101 -19 76
103 -19 -149
103 -19 -74
103 -19 1
103 -19 76
106 -19 -149
106 -19 -74
106 -19 1
106 -19 76
109 -19 -149
109 -19 -74
109 -19 1
109 -19 76
112 -19 -149
112 -19 -74
112 -19 1
112 -19 76
114 -19 -149
114 -19 -74
114 -19 1
114 -19 76
115 -19 -149
115 -19 -74
115 -19 1
115 -19 76
117 -19 -149
117 -19 -74
117 -19 1
117 -19 76
-67 154 -149
-67 154 -74
-67 154 1
-67 154 76
-67 153 -149
-67 153 -74
-67 153 1
-67 153 76
-68 150 -149
-68 150 -74
-68 150 1
-68 150 76
-68 149 -149
-68 149 -74
-68 149 1
-68 149 76
-68 148 -149
-68 148 -74
-68 148 1
-68 148 76
-69 144 -149
-69 144 -74
-69 144 1
-69 144 76
-69 141 -149
-69 141 -74
-69 141 1
-69 141 76
-69 139 -149
-69 139 -74
-69 139 1
-69 139 76
-69 136 -149
-69 136 -74
-69 136 1
-69 136 76
-69 132 -149
-69 132 -74
-69 132 1
-69 132 76
-69 130 -149
-69 130 -74
-69 130 1
-69 130 76
-69 128 -149
-69 128 -74
-69 128 1
-69 128 76
-69 126 -149
-69 126 -74
-69 126 1
-69 126 76
-69 123 -149
-69 123 -74
-69 123 1
-69 123 76
-69 120 -149
-69 120 -74
-69 120 1
-69 120 76
-69 117 -149
-69 117 -74
-69 117 1
-69 117 76
-69 113 -149
-69 113 -74
-69 113 1
-69 113 76
-69 110 -149
-69 110 -74
-69 110 1
-69 110 76
-69 108 -149
-69 108 -74
-69 108 1
-69 108 76
-69 107 -149
-69 107 -74
-69 107 1
-69 107 76
-69 104 -149
-69 104 -74
-69 104 1
-69 104 76
-69 101 -149
-69 101 -74
-69 101 1
-69 101 76
-69 99 -149
-69 99 -74
-69 99 1
-69 99 76
-69 97 -149
-69 97 -74
-69 97 1
-69 97 76
-69 95 -149
-69 95 -74
-69 95 1
-69 95 76
-69 94 -149
-69 94 -74
-69 94 1
-69 94 76
-69 92 -149
-69 92 -74
-69 92 1
-69 92 76
-69 90 -149
-69 90 -74
-69 90 1
-69 90 76
-69 89 -149
-69 89 -74
-69 89 1
-69 89 76
-69 85 -149
-69 85 -74
-69 85 1
-69 85 76
-69 84 -149
-69 84 -74
-69 84 1
-69 84 76
-69 83 -149
-69 83 -74
-69 83 1
-69 83 76
-69 81 -149
-69 81 -74
-69 81 1
-69 81 76
-69 79 -149
-69 79 -74
-69 79 1
-69 79 76
-69 78 -149
-69 78 -74
-69 78 1
-69 78 76
-69 75 -149
-69 75 -74
-69 75 1
-69 75 76
-69 72 -149
-69 72 -74
-69 72 1
-69 72 76
-69 70 -149
-69 70 -74
-69 70 1
-69 70 76
-69 68 -149
-69 68 -74
-69 68 1
-69 68 76
-69 67 -149
-69 67 -74
-69 67 1
-69 67 76
-70 63 -149
-70 63 -74
-70 63 1
-70 63 76
-70 61 -149
-70 61 -74
-70 61 1
-70 61 76
-70 59 -149
-70 59 -74
-70 59 1
-70 59 76
-70 55 -149
-70 55 -74
-70 55 1
-70 55 76
-70 52 -149
-70 52 -74
-70 52 1
-70 52 76
-70 50 -149
-70 50 -74
-70 50 1
-70 50 76
-70 48 -149
-70 48 -74
-70 48 1
-70 48 76
-70 47 -149
-70 47 -74
-70 47 1
-70 47 76
-70 46 -149
-70 46 -74
-70 46 1
-70 46 76
-70 43 -149
-70 43 -74
-70 43 1
-70 43 76
-70 42 -149
-70 42 -74
-70 42 1
-70 42 76
-70 39 -149
-70 39 -74
-70 39 1
-70 39 76
-70 37 -149
-70 37 -74
-70 37 1
-70 37 76
-70 35 -149
-70 35 -74
-70 35 1
-70 35 76
-70 31 -149
-70 31 -74
-70 31 1
-70 31 76
-70 27 -149
-70 27 -74
-70 27 1
-70 27 76
-70 24 -149
-70 24 -74
-70 24 1
-70 24 76
-69 22 -149
-69 22 -74
-69 22 1
-69 22 76
-68 19 -149
-68 19 -74
-68 19 1
-68 19 76
-68 16 -149
-68 16 -74
-68 16 1
-68 16 76
-68 12 -149
-68 12 -74
-68 12 1
-68 12 76
-68 11 -149
-68 11 -74
-68 11 1
-68 11 76
-68 8 -149
-68 8 -74
-68 8 1
-68 8 76
-68 5 -149
-68 5 -74
-68 5 1
-68 5 76
-68 4 -149
-68 4 -74
-68 4 1
-68 4 76
-68 0 -149
-68 0 -74
-68 0 1
-68 0 76
-67 -1 -149
-67 -1 -74
-67 -1 1
-67 -1 76
-67 -3 -149
-67 -3 -74
-67 -3 1
-67 -3 76
-67 -5 -149
-67 -5 -74
-67 -5 1
-67 -5 76
-67 -7 -149
-67 -7 -74
-67 -7 1
-67 -7 76
-67 -9 -149
-67 -9 -74
-67 -9 1
-67 -9 76
-67 -12 -149
-67 -12 -74
-67 -12 1
-67 -12 76
-67 -14 -149
-67 -14 -74
-67 -14 1
-67 -14 76
-66 -15 -149
-66 -15 -74
-66 -15 1
-66 -15 76
-66 -19 -149
-66 -19 -74
-66 -19 1
-66 -19 76
-65 -21 -149
-65 -21 -74
-65 -21 1
-65 -21 76
-65 -24 -149
-65 -24 -74
-65 -24 1
-65 -24 76
-65 -27 -149
-65 -27 -74
-65 -27 1
-65 -27 76
-65 -30 -149
-65 -30 -74
-65 -30 1
-65 -30 76
-65 -33 -149
-65 -33 -74
-65 -33 1
-65 -33 76
-65 -35 -149
-65 -35 -74
-65 -35 1
-65 -35 76
-65 -36 -149
-65 -36 -74
-65 -36 1
-65 -36 76
-65 -37 -149
-65 -37 -74
-65 -37 1
-65 -37 76
-65 -41 -149
-65 -41 -74
-65 -41 1
-65 -41 76
-65 -43 -149
-65 -43 -74
-65 -43 1
-65 -43 76
-65 -45 -149
-65 -45 -74
-65 -45 1
-65 -45 76
-65 -48 -149
-65 -48 -74
-65 -48 1
-65 -48 76
-65 -51 -149
-65 -51 -74
-65 -51 1
-65 -51 76
-65 -55 -149
-65 -55 -74
-65 -55 1
-65 -55 76
-66 -57 -149
-66 -57 -74
-66 -57 1
-66 -57 76
-66 -60 -149
-66 -60 -74
-66 -60 1
-66 -60 76
-66 -62 -149
-66 -62 -74
-66 -62 1
-66 -62 76
-66 -65 -149
-66 -65 -74
-66 -65 1
-66 -65 76
-67 -70 -149
-67 -70 -74
-67 -70 1
-67 -70 76
-67 -74 -149
-67 -74 -74
-67 -74 1
-67 -74 76
-68 -77 -149
-68 -77 -74
-68 -77 1
-68 -77 76
-69 -81 -149
-69 -81 -74
-69 -81 1
-69 -81 76
-69 -84 -149
-69 -84 -74
-69 -84 1
-69 -84 76
-69 -87 -149
-69 -87 -74
-69 -87 1
-69 -87 76
-69 -90 -149
-69 -90 -74
-69 -90 1
-69 -90 76
-69 -94 -149
-69 -94 -74
-69 -94 1
-69 -94 76
-70 -98 -149
-70 -98 -74
-70 -98 1
-70 -98 76
-70 -102 -149
-70 -102 -74
-70 -102 1
-70 -102 76
-70 -105 -149
-70 -105 -74
-70 -105 1
-70 -105 76
-70 -108 -149
-70 -108 -74
-70 -108 1
-70 -108 76
-70 -110 -149
-70 -110 -74
-70 -110 1
-70 -110 76
-70 -115 -149
-70 -115 -74
-70 -115 1
-70 -115 76
-70 -117 -149
-70 -117 -74
-70 -117 1
-70 -117 76
-70 -119 -149
-70 -119 -74
-70 -119 1
-70 -119 76
-70 -121 -149
-70 -121 -74
-70 -121 1
-70 -121 76
-70 -125 -149
-70 -125 -74
-70 -125 1
-70 -125 76
-70 -129 -149
-70 -129 -74
-70 -129 1
-70 -129 76
-70 -133 -149
-70 -133 -74
-70 -133 1
-70 -133 76
-70 -137 -149
-70 -137 -74
-70 -137 1
-70 -137 76
-70 -141 -149
-70 -141 -74
-70 -141 1
-70 -141 76
-70 -145 -149
-70 -145 -74
-70 -145 1
-70 -145 76
-70 -149 -149
-70 -149 -74
-70 -149 1
-70 -149 76
-70 -151 -149
-70 -151 -74
-70 -151 1
-70 -151 76
-70 -153 -149
-70 -153 -74
-70 -153 1
-70 -153 76
-70 -156 -149
-70 -156 -74
-70 -156 1
-70 -156 76
-70 -159 -149
-70 -159 -74
-70 -159 1
-70 -159 76
-70 -161 -149
-70 -161 -74
-70 -161 1
-70 -161 76
-70 -164 -149
-70 -164 -74
-70 -164 1
-70 -164 76
-70 -167 -149
-70 -167 -74
-70 -167 1
-70 -167 76
-70 -169 -149
-70 -169 -74
-70 -169 1
-70 -169 76
-70 -172 -149
-70 -172 -74
-70 -172 1
-70 -172 76
-70 -176 -149
-70 -176 -74
-70 -176 1
-70 -176 76
-70 -179 -149
-70 -179 -74
-70 -179 1
-70 -179 76
-70 -181 -149
-70 -181 -74
-70 -181 1
-70 -181 76
-69 -183 -149
-69 -183 -74
-69 -183 1
-69 -183 76
-69 -184 -149
-69 -184 -74
-69 -184 1
-69 -184 76
-69 -185 -149
-69 -185 -74
-69 -185 1
-69 -185 76
-69 -188 -149
-69 -188 -74
-69 -188 1
-69 -188 76
-69 -190 -149
-69 -190 -74
-69 -190 1
-69 -190 76
-69 -192 -149
-69 -192 -74
-69 -192 1
-69 -192 76
-68 -193 -149
-68 -193 -74
-68 -193 1
-68 -193 76
-68 -195 -149
-68 -195 -74
-68 -195 1
-68 -195 76
-68 -199 -149
-68 -199 -74
-68 -199 1
-68 -199 76
-68 -200 -149
-68 -200 -74
-68 -200 1
-68 -200 76
-69 -203 -149
-69 -203 -74
-69 -203 1
-69 -203 76
-69 -204 -149
-69 -204 -74
-69 -204 1
-69 -204 76
-69 -206 -149
-69 -206 -74
-69 -206 1
-69 -206 76
-69 -208 -149
-69 -208 -74
-69 -208 1
-69 -208 76
-70 -210 -149
-70 -210 -74
-70 -210 1
-70 -210 76
-70 -212 -149
-70 -212 -74
-70 -212 1
-70 -212 76
-71 -214 -149
-71 -214 -74
-71 -214 1
-71 -214 76
-72 -216 -149
-72 -216 -74
-72 -216 1
-72 -216 76
-73 -217 -149
-73 -217 -74
-73 -217 1
-73 -217 76
-74 -217 -149
-74 -217 -74
-74 -217 1
-74 -217 76
