-126 110
-125 110
-124 110
-123 110
-122 110
-121 110
-120 110
-119 110
-118 110
-117 110
-116 110
-115 110
-114 110
-113 110
-112 110
-111 110
-110 110
-109 110
-107 110
-105 110
-104 110
-103 110
-102 110
-101 110
-100 110
-99 110
-98 110
-97 110
-96 110
-95 110
-94 110
-93 110
-92 110
-91 110
-90 110
-89 110
-88 110
-87 110
-85 110
-84 110
-82 110
-80 110
-79 110
-78 110
-77 110
-76 110
-75 110
-74 110
-73 110
-72 110
-71 110
-70 110
-69 110
-68 110
-67 110
-66 110
-64 110
-63 110
-61 110
-59 110
-58 110
-57 110
-56 110
-55 110
-54 110
-53 110
-52 110
-50 110
-49 110
-48 110
-47 110
-46 110
-45 110
-44 110
-43 110
-42 110
-41 110
-39 110
-38 110
-37 110
-36 110
-35 110
-34 110
-33 110
-32 110
-31 110
-30 110
-29 110
-28 110
-27 110
-26 110
-25 110
-24 110
-23 110
-22 110
-21 110
-20 110
-19 110
-18 110
-17 110
-15 110
-12 110
-11 110
-10 110
-9 110
-8 110
-7 110
-6 110
-5 110
-4 110
-3 110
-2 110
-1 110
0 110
1 110
2 110
3 110
-62 109
-62 108
-62 107
-62 106
-62 105
-62 104
-62 102
-62 100
-62 98
-62 95
-62 94
-62 93
-62 92
-62 91
-62 90
-62 89
-62 87
-62 86
-62 83
-62 82
-62 81
-62 80
-62 79
-62 78
-62 77
-62 76
-62 75
-62 73
-62 70
-62 67
-62 64
-62 63
-62 62
-62 61
-62 60
-62 59
-62 58
-62 56
-62 54
-62 53
-62 51
-62 49
-62 47
-62 44
-62 43
-62 42
-62 39
-62 36
-62 35
-62 34
-62 33
-62 32
-62 31
-62 30
-62 29
-62 28
-62 27
-62 26
-62 25
-62 24
-62 23
-62 22
-62 21
-62 20
-62 19
-62 17
-62 16
-62 15
-62 14
-62 13
-62 12
-62 11
-62 10
-62 9
-62 8
-62 7
-62 6
-62 4
-62 3
-62 1
-62 -1
-62 -2
-62 -3
-62 -4
-62 -5
-62 -6
-62 -7
-62 -8
-62 -9
-62 -10
-62 -11
-62 -12
-62 -13
-62 -14
-62 -15
-62 -16
-62 -17
-62 -18
-62 -19
-62 -20
-62 -21
-62 -22
-62 -23
-62 -24
-62 -25
-62 -26
-62 -27
-62 -28
-62 -29
-62 -30
-62 -31
-62 -32
-62 -33
-62 -34
-62 -35
-62 -36
-62 -37
-62 -38
-62 -40
-62 -41
-62 -42
