0 -200 0
0 -190 0
10 -190 0
0 -180 0
10 -180 0
20 -180 0
0 -170 0
10 -170 0
20 -170 0
30 -170 0
0 -160 0
10 -160 0
20 -160 0
30 -160 0
40 -160 0
0 -150 0
10 -150 0
20 -150 0
30 -150 0
40 -150 0
50 -150 0
0 -140 0
10 -140 0
20 -140 0
30 -140 0
40 -140 0
50 -140 0
60 -140 0
0 -130 0
10 -130 0
20 -130 0
30 -130 0
40 -130 0
50 -130 0
60 -130 0
70 -130 0
0 -120 0
10 -120 0
20 -120 0
30 -120 0
40 -120 0
50 -120 0
60 -120 0
70 -120 0
80 -120 0
0 -110 0
10 -110 0
20 -110 0
30 -110 0
40 -110 0
50 -110 0
60 -110 0
70 -110 0
80 -110 0
90 -110 0
0 -100 0
10 -100 0
20 -100 0
30 -100 0
40 -100 0
50 -100 0
60 -100 0
70 -100 0
80 -100 0
90 -100 0
100 -100 0
0 -90 0
10 -90 0
20 -90 0
30 -90 0
40 -90 0
50 -90 0
60 -90 0
70 -90 0
80 -90 0
90 -90 0
100 -90 0
110 -90 0
0 -80 0
10 -80 0
20 -80 0
30 -80 0
40 -80 0
50 -80 0
60 -80 0
70 -80 0
80 -80 0
90 -80 0
100 -80 0
110 -80 0
120 -80 0
0 -70 0
10 -70 0
20 -70 0
30 -70 0
40 -70 0
50 -70 0
60 -70 0
70 -70 0
80 -70 0
90 -70 0
100 -70 0
110 -70 0
120 -70 0
130 -70 0
0 -60 0
10 -60 0
20 -60 0
30 -60 0
40 -60 0
50 -60 0
60 -60 0
70 -60 0
80 -60 0
90 -60 0
100 -60 0
110 -60 0
120 -60 0
130 -60 0
140 -60 0
0 -50 0
10 -50 0
20 -50 0
30 -50 0
40 -50 0
50 -50 0
60 -50 0
70 -50 0
80 -50 0
90 -50 0
100 -50 0
110 -50 0
120 -50 0
130 -50 0
140 -50 0
150 -50 0
0 -40 0
10 -40 0
20 -40 0
30 -40 0
40 -40 0
50 -40 0
60 -40 0
70 -40 0
80 -40 0
90 -40 0
100 -40 0
110 -40 0
120 -40 0
130 -40 0
140 -40 0
150 -40 0
160 -40 0
0 -30 0
10 -30 0
20 -30 0
30 -30 0
40 -30 0
50 -30 0
60 -30 0
70 -30 0
80 -30 0
90 -30 0
100 -30 0
110 -30 0
120 -30 0
130 -30 0
140 -30 0
150 -30 0
160 -30 0
170 -30 0
0 -20 0
10 -20 0
20 -20 0
30 -20 0
40 -20 0
50 -20 0
60 -20 0
70 -20 0
80 -20 0
90 -20 0
100 -20 0
110 -20 0
120 -20 0
130 -20 0
140 -20 0
150 -20 0
160 -20 0
170 -20 0
180 -20 0
0 -10 0
10 -10 0
20 -10 0
30 -10 0
40 -10 0
50 -10 0
60 -10 0
70 -10 0
80 -10 0
90 -10 0
100 -10 0
110 -10 0
120 -10 0
130 -10 0
140 -10 0
150 -10 0
160 -10 0
170 -10 0
180 -10 0
190 -10 0
0 0 0
10 0 0
20 0 0
30 0 0
40 0 0
50 0 0
60 0 0
70 0 0
80 0 0
90 0 0
100 0 0
110 0 0
120 0 0
130 0 0
140 0 0
150 0 0
160 0 0
170 0 0
180 0 0
190 0 0
200 0 0
0 10 0
10 10 0
20 10 0
30 10 0
40 10 0
50 10 0
60 10 0
70 10 0
80 10 0
90 10 0
100 10 0
110 10 0
120 10 0
130 10 0
140 10 0
150 10 0
160 10 0
170 10 0
180 10 0
190 10 0
200 10 0
210 10 0
0 20 0
10 20 0
20 20 0
30 20 0
40 20 0
50 20 0
60 20 0
70 20 0
80 20 0
90 20 0
100 20 0
110 20 0
120 20 0
130 20 0
140 20 0
150 20 0
160 20 0
170 20 0
180 20 0
190 20 0
200 20 0
210 20 0
220 20 0
0 30 0
10 30 0
20 30 0
30 30 0
40 30 0
50 30 0
60 30 0
70 30 0
80 30 0
90 30 0
100 30 0
110 30 0
120 30 0
130 30 0
140 30 0
150 30 0
160 30 0
170 30 0
180 30 0
190 30 0
200 30 0
210 30 0
220 30 0
230 30 0
0 40 0
10 40 0
20 40 0
30 40 0
40 40 0
50 40 0
60 40 0
70 40 0
80 40 0
90 40 0
100 40 0
110 40 0
120 40 0
130 40 0
140 40 0
150 40 0
160 40 0
170 40 0
180 40 0
190 40 0
200 40 0
210 40 0
220 40 0
230 40 0
240 40 0
0 50 0
10 50 0
20 50 0
30 50 0
40 50 0
50 50 0
60 50 0
70 50 0
80 50 0
90 50 0
100 50 0
110 50 0
120 50 0
130 50 0
140 50 0
150 50 0
160 50 0
170 50 0
180 50 0
190 50 0
200 50 0
210 50 0
220 50 0
230 50 0
240 50 0
250 50 0
0 60 0
10 60 0
20 60 0
30 60 0
40 60 0
50 60 0
60 60 0
70 60 0
80 60 0
90 60 0
100 60 0
110 60 0
120 60 0
130 60 0
140 60 0
150 60 0
160 60 0
170 60 0
180 60 0
190 60 0
200 60 0
210 60 0
220 60 0
230 60 0
240 60 0
250 60 0
260 60 0
0 70 0
10 70 0
20 70 0
30 70 0
40 70 0
50 70 0
60 70 0
70 70 0
80 70 0
90 70 0
100 70 0
110 70 0
120 70 0
130 70 0
140 70 0
150 70 0
160 70 0
170 70 0
180 70 0
190 70 0
200 70 0
210 70 0
220 70 0
230 70 0
240 70 0
250 70 0
260 70 0
270 70 0
0 80 0
10 80 0
20 80 0
30 80 0
40 80 0
50 80 0
60 80 0
70 80 0
80 80 0
90 80 0
100 80 0
110 80 0
120 80 0
130 80 0
140 80 0
150 80 0
160 80 0
170 80 0
180 80 0
190 80 0
200 80 0
210 80 0
220 80 0
230 80 0
240 80 0
250 80 0
260 80 0
270 80 0
280 80 0
0 90 0
10 90 0
20 90 0
30 90 0
40 90 0
50 90 0
60 90 0
70 90 0
80 90 0
90 90 0
100 90 0
110 90 0
120 90 0
130 90 0
140 90 0
150 90 0
160 90 0
170 90 0
180 90 0
190 90 0
200 90 0
210 90 0
220 90 0
230 90 0
240 90 0
250 90 0
260 90 0
270 90 0
280 90 0
290 90 0
0 100 0
10 100 0
20 100 0
30 100 0
40 100 0
50 100 0
60 100 0
70 100 0
80 100 0
90 100 0
100 100 0
110 100 0
120 100 0
130 100 0
140 100 0
150 100 0
160 100 0
170 100 0
180 100 0
190 100 0
200 100 0
210 100 0
220 100 0
230 100 0
240 100 0
250 100 0
260 100 0
270 100 0
280 100 0
290 100 0
300 100 0
0 110 0
10 110 0
20 110 0
30 110 0
40 110 0
50 110 0
60 110 0
70 110 0
80 110 0
90 110 0
100 110 0
110 110 0
120 110 0
130 110 0
140 110 0
150 110 0
160 110 0
170 110 0
180 110 0
190 110 0
200 110 0
210 110 0
220 110 0
230 110 0
240 110 0
250 110 0
260 110 0
270 110 0
280 110 0
290 110 0
300 110 0
310 110 0
0 120 0
10 120 0
20 120 0
30 120 0
40 120 0
50 120 0
60 120 0
70 120 0
80 120 0
90 120 0
100 120 0
110 120 0
120 120 0
130 120 0
140 120 0
150 120 0
160 120 0
170 120 0
180 120 0
190 120 0
200 120 0
210 120 0
220 120 0
230 120 0
240 120 0
250 120 0
260 120 0
270 120 0
280 120 0
290 120 0
300 120 0
310 120 0
320 120 0
0 130 0
10 130 0
20 130 0
30 130 0
40 130 0
50 130 0
60 130 0
70 130 0
80 130 0
90 130 0
100 130 0
110 130 0
120 130 0
130 130 0
140 130 0
150 130 0
160 130 0
170 130 0
180 130 0
190 130 0
200 130 0
210 130 0
220 130 0
230 130 0
240 130 0
250 130 0
260 130 0
270 130 0
280 130 0
290 130 0
300 130 0
310 130 0
320 130 0
330 130 0
0 140 0
10 140 0
20 140 0
30 140 0
40 140 0
50 140 0
60 140 0
70 140 0
80 140 0
90 140 0
100 140 0
110 140 0
120 140 0
130 140 0
140 140 0
150 140 0
160 140 0
170 140 0
180 140 0
190 140 0
200 140 0
210 140 0
220 140 0
230 140 0
240 140 0
250 140 0
260 140 0
270 140 0
280 140 0
290 140 0
300 140 0
310 140 0
320 140 0
330 140 0
340 140 0
0 150 0
10 150 0
20 150 0
30 150 0
40 150 0
50 150 0
60 150 0
70 150 0
80 150 0
90 150 0
100 150 0
110 150 0
120 150 0
130 150 0
140 150 0
150 150 0
160 150 0
170 150 0
180 150 0
190 150 0
200 150 0
210 150 0
220 150 0
230 150 0
240 150 0
250 150 0
260 150 0
270 150 0
280 150 0
290 150 0
300 150 0
310 150 0
320 150 0
330 150 0
340 150 0
350 150 0
0 160 0
10 160 0
20 160 0
30 160 0
40 160 0
50 160 0
60 160 0
70 160 0
80 160 0
90 160 0
100 160 0
110 160 0
120 160 0
130 160 0
140 160 0
150 160 0
160 160 0
170 160 0
180 160 0
190 160 0
200 160 0
210 160 0
220 160 0
230 160 0
240 160 0
250 160 0
260 160 0
270 160 0
280 160 0
290 160 0
300 160 0
310 160 0
320 160 0
330 160 0
340 160 0
350 160 0
360 160 0
0 170 0
10 170 0
20 170 0
30 170 0
40 170 0
50 170 0
60 170 0
70 170 0
80 170 0
90 170 0
100 170 0
110 170 0
120 170 0
130 170 0
140 170 0
150 170 0
160 170 0
170 170 0
180 170 0
190 170 0
200 170 0
210 170 0
220 170 0
230 170 0
240 170 0
250 170 0
260 170 0
270 170 0
280 170 0
290 170 0
300 170 0
310 170 0
320 170 0
330 170 0
340 170 0
350 170 0
360 170 0
370 170 0
0 180 0
10 180 0
20 180 0
30 180 0
40 180 0
50 180 0
60 180 0
70 180 0
80 180 0
90 180 0
100 180 0
110 180 0
120 180 0
130 180 0
140 180 0
150 180 0
160 180 0
170 180 0
180 180 0
190 180 0
200 180 0
210 180 0
220 180 0
230 180 0
240 180 0
250 180 0
260 180 0
270 180 0
280 180 0
290 180 0
300 180 0
310 180 0
320 180 0
330 180 0
340 180 0
350 180 0
360 180 0
370 180 0
380 180 0
0 190 0
10 190 0
20 190 0
30 190 0
40 190 0
50 190 0
60 190 0
70 190 0
80 190 0
90 190 0
100 190 0
110 190 0
120 190 0
130 190 0
140 190 0
150 190 0
160 190 0
170 190 0
180 190 0
190 190 0
200 190 0
210 190 0
220 190 0
230 190 0
240 190 0
250 190 0
260 190 0
270 190 0
280 190 0
290 190 0
300 190 0
310 190 0
320 190 0
330 190 0
340 190 0
350 190 0
360 190 0
370 190 0
380 190 0
390 190 0
0 200 0
10 200 0
20 200 0
30 200 0
40 200 0
50 200 0
60 200 0
70 200 0
80 200 0
90 200 0
100 200 0
110 200 0
120 200 0
130 200 0
140 200 0
150 200 0
160 200 0
170 200 0
180 200 0
190 200 0
200 200 0
210 200 0
220 200 0
230 200 0
240 200 0
250 200 0
260 200 0
270 200 0
280 200 0
290 200 0
300 200 0
310 200 0
320 200 0
330 200 0
340 200 0
350 200 0
360 200 0
370 200 0
380 200 0
390 200 0
400 200 0
