-139 46
-139 45
-139 44
-139 43
-139 41
-139 40
-139 39
-139 36
-139 34
-139 32
-139 30
-139 28
-139 27
-139 22
-139 21
-139 19
-139 17
-139 16
-139 15
-139 14
-139 13
-139 12
-139 11
-139 9
-139 8
-139 7
-139 6
-139 5
-139 4
-139 3
-139 2
-139 1
-139 -2
-139 -3
-139 -4
-139 -5
-139 -6
-139 -7
-139 -8
-139 -12
-139 -13
-139 -17
-139 -20
-139 -22
-139 -25
-139 -28
-139 -30
-139 -33
-139 -34
-139 -36
-139 -38
-139 -39
-139 -41
-139 -42
-139 -45
-139 -48
-139 -49
-139 -50
-139 -51
-139 -52
-139 -53
-139 -54
-139 -55
-139 -56
-139 -57
-139 -58
-139 -59
-139 -60
-139 -61
-139 -62
-139 -63
-139 -65
-139 -67
-139 -68
-139 -69
-139 -70
-139 -71
-139 -72
-139 -73
-139 -74
-139 -75
-139 -76
-139 -77
-138 -84
-137 -84
-136 -84
-135 -84
-134 -84
-133 -84
-132 -84
-131 -84
-130 -84
-129 -84
-128 -84
-127 -84
-126 -84
-125 -84
-124 -84
-123 -84
-122 -84
-121 -84
-120 -84
-119 -84
-118 -84
-117 -84
-116 -84
-115 -84
-114 -84
-113 -84
-112 -84
-111 -84
-110 -84
-109 -84
-108 -84
-107 -84
-106 -84
-105 -84
-104 -84
-103 -84
-102 -84
-101 -84
-100 -84
-99 -84
-97 -84
-96 -84
-94 -84
-93 -84
-92 -84
-91 -84
-90 -84
-89 -84
-88 -84
-87 -84
-86 -84
-85 -84
-84 -84
-83 -84
-82 -84
-81 -84
-80 -84
-79 -84
-78 -84
-77 -84
-76 -84
-75 -84
-74 -84
-73 -84
-72 -84
-71 -84
-70 -84
-69 -84
-68 -84
-67 -84
-66 -84
-65 -84
-64 -84
-63 -84
-62 -84
-61 -84
-60 -84
-59 -84
-58 -84
-57 -84
-54 -84
-53 -84
-52 -84
-51 -84
-50 -84
-49 -84
-48 -84
-47 -84
-46 -84
-45 -84
-44 -84
-43 -84
-42 -84
-41 -84
-40 -84
-39 -84
-38 -84
-37 -84
-36 -84
-35 -84
-34 -84
-33 -82
-33 -81
-33 -80
-33 -79
-33 -78
-33 -77
-33 -76
-33 -75
-33 -73
-33 -70
-33 -68
-33 -65
-33 -60
-33 -58
-33 -57
-33 -56
-33 -55
-33 -54
-33 -53
-33 -51
-33 -50
-33 -45
-33 -42
-33 -40
-33 -39
-33 -37
-33 -36
-33 -30
-33 -26
-33 -25
-33 -23
-33 -22
-33 -20
-33 -15
-33 -7
-33 -2
-33 12
-33 13
-33 16
-33 18
-33 19
-33 21
-33 28
-33 32
-33 36
-33 37
-33 38
-33 39
-33 40
-33 41
-33 42
-33 43
-33 44
-33 45
-33 46
-33 45
-33 44
-33 43
-33 42
-33 41
-33 40
-33 39
-33 38
-33 37
-33 36
-33 35
-33 34
-33 33
-33 32
-33 30
-33 29
-33 26
-33 25
-33 24
-33 23
-33 22
-33 21
-33 19
-33 18
-33 17
-33 15
-33 14
-33 13
-33 12
-33 11
-33 10
-33 8
-33 7
-33 6
-33 5
-33 4
-33 3
-33 2
-33 1
-33 0
-33 -1
-33 -2
-33 -3
-33 -4
-33 -5
-33 -6
-33 -7
-33 -8
-33 -9
-33 -10
-33 -11
-33 -12
-33 -13
-33 -14
-33 -15
-33 -16
-33 -17
-33 -18
-33 -19
-33 -20
-141 96
-145 92
-142 93
-140 93
-139 94
-139 97
-139 100
-142 101
-143 101
-145 101
-146 100
-146 99
-146 98
-149 96
-149 95
-149 94
-147 99
-144 100
-140 102
-136 102
-135 101
-133 100
-133 95
-133 94
-133 93
-134 91
-135 91
-139 89
-141 89
-39 99
-40 100
-39 100
-36 101
-35 101
-34 101
-33 101
-32 101
-32 98
-32 97
-32 96
-32 95
-32 94
-32 93
-32 92
-36 92
-37 92
-38 94
-38 95
-38 97
-38 99
-36 100
-33 102
-32 102
-30 101
-29 101
-28 100
-27 100
-27 99
-26 97
-26 94
-26 92
-26 90
-26 89
-28 88
-31 86
-34 84
-37 85
-37 88
-38 91
-39 93
-41 94
-42 96
-40 98
-39 98
-37 98
-34 95
-32 94
-29 90
-28 89
-24 84
-24 83
-23 82
-42 89
-135 86
-147 86
-28 84
-20 90
-21 94
-22 97
-140 84
-135 92
-147 91
-21 88
